0 0.296875 0.237963 0.0208333 0.0203704
0 0.944792 0.212963 0.0989583 0.17037
0 0.272135 0.252315 0.0223958 0.0416667
0 0.41901 0.237963 0.0265625 0.037037
0 0.182552 0.248148 0.0255208 0.037037
0 0.320833 0.238426 0.0208333 0.0268519
0 0.396354 0.228704 0.0197917 0.0333333
0 0.438542 0.241667 0.0260417 0.037037
0 0.460417 0.244444 0.0229167 0.0444444
0 0.527344 0.233796 0.0390625 0.0564815
0 0.009375 0.331481 0.01875 0.122222
0 0.0247396 0.300926 0.0484375 0.0851852
0 0.158073 0.267593 0.0432292 0.0537037
0 0.497396 0.249537 0.0645833 0.0787037
0 0.836198 0.230093 0.157813 0.123148
0 0.232031 0.278241 0.0723958 0.087963
0 0.631771 0.243519 0.0864583 0.0851852
0 0.0927083 0.319907 0.109375 0.141667
