0 0.514063 0.234722 0.028125 0.0490741
0 0.425781 0.220833 0.0182292 0.0287037
0 0.0104167 0.229167 0.0197917 0.0194444
0 0.383073 0.224074 0.0255208 0.0407407
0 0.0630208 0.228241 0.0302083 0.0175926
0 0.363281 0.216667 0.0192708 0.0333333
0 0.131771 0.223611 0.0520833 0.0305556
0 0.405469 0.221296 0.0265625 0.0333333
0 0.254427 0.234722 0.0453125 0.0712963
0 0.951563 0.260185 0.0958333 0.12963
0 0.472396 0.235185 0.0697917 0.0648148
0 0.216146 0.328704 0.215625 0.218519
0 0.331771 0.261111 0.114583 0.125926
0 0.142448 0.533333 0.281771 0.603704
0 0.688021 0.255556 0.135417 0.122222
