0 0.15599 0.0708333 0.0203125 0.062037
0 0.623698 0.0203704 0.0265625 0.0407407
0 0.338802 0.0305556 0.0203125 0.0333333
0 0.166927 0.0541667 0.0317708 0.0490741
0 0.359896 0.0291667 0.0291667 0.0361111
0 0.502604 0.0259259 0.0708333 0.0518519
0 0.457031 0.0226852 0.0286458 0.0416667
0 0.43151 0.0236111 0.0369792 0.0416667
0 0.300781 0.0384259 0.0380208 0.0416667
0 0.20625 0.050463 0.0270833 0.037963
0 0.577083 0.0268519 0.084375 0.0537037
0 0.257552 0.0569444 0.0526042 0.0768519
0 0.0528646 0.0893519 0.0546875 0.075
0 0.0960938 0.0796296 0.0526042 0.0574074
0 0.0114583 0.112037 0.021875 0.0814815
0 0.942969 0.30787 0.113021 0.532407
