0 0.171615 0.134722 0.0182292 0.0342593
0 0.679167 0.0638889 0.0552083 0.0648148
0 0.188281 0.133796 0.0213542 0.0287037
0 0.207813 0.144907 0.0197917 0.0583333
0 0.307292 0.105093 0.01875 0.0268519
0 0.376563 0.0949074 0.0229167 0.0324074
0 0.101562 0.151852 0.04375 0.0648148
0 0.515885 0.0796296 0.0348958 0.05
0 0.990104 0.0416667 0.0197917 0.0796296
0 0.221875 0.127315 0.0333333 0.0490741
0 0.149479 0.153241 0.0333333 0.0490741
0 0.345052 0.126389 0.0776042 0.100926
0 0.264844 0.119907 0.0307292 0.0398148
0 0.411458 0.0930556 0.05 0.037963
0 0.561719 0.0782407 0.0713542 0.0675926
0 0.486719 0.0837963 0.0390625 0.0453704
0 0.651823 0.0717593 0.102604 0.0787037
0 0.121875 0.168519 0.0583333 0.0759259
0 0.0434896 0.196759 0.0807292 0.102778
