0 0.920052 0.0898148 0.0484375 0.0296296
0 0.436198 0.11713 0.0234375 0.0324074
0 0.365365 0.119907 0.0223958 0.025
0 0.185417 0.168519 0.0333333 0.0592593
0 0.0244792 0.134722 0.046875 0.0416667
0 0.561198 0.119444 0.0401042 0.0518519
0 0.285417 0.133796 0.0260417 0.037963
0 0.34974 0.136574 0.0328125 0.0490741
0 0.455729 0.126852 0.0291667 0.05
0 0.257292 0.146296 0.04375 0.0685185
0 0.31875 0.14213 0.046875 0.062037
0 0.481771 0.127315 0.0385417 0.0583333
0 0.104427 0.246296 0.182812 0.259259
0 0.520833 0.131481 0.0604167 0.0666667
0 0.0815104 0.423148 0.161979 0.555556
0 0.606771 0.137037 0.0916667 0.0944444
0 0.671615 0.126852 0.0661458 0.0777778
0 0.794792 0.129167 0.128125 0.10463
