0 0.0106771 0.268981 0.0213542 0.0824074
0 0.286979 0.214815 0.021875 0.05
0 0.407813 0.210185 0.046875 0.0722222
0 0.100521 0.223148 0.01875 0.0222222
0 0.0539063 0.227315 0.0265625 0.0287037
0 0.308854 0.206019 0.059375 0.0712963
0 0.0786458 0.228241 0.021875 0.0231481
0 0.176302 0.219907 0.0192708 0.0287037
0 0.935417 0.171759 0.128125 0.171296
0 0.213021 0.221759 0.0489583 0.0601852
0 0.503385 0.211574 0.0692708 0.075
0 0.127604 0.224074 0.0291667 0.0388889
0 0.355208 0.212963 0.0604167 0.0574074
0 0.248698 0.217593 0.0317708 0.0444444
0 0.597396 0.199074 0.133333 0.109259
0 0.75 0.195833 0.16875 0.115741
