0 0.9875 0.281481 0.0239583 0.107407
0 0.245833 0.287963 0.0291667 0.0777778
0 0.413542 0.253704 0.0197917 0.0240741
0 0.523958 0.243519 0.0177083 0.0240741
0 0.814323 0.247222 0.0578125 0.0537037
0 0.266146 0.28287 0.028125 0.0675926
0 0.390104 0.255093 0.028125 0.0361111
0 0.217969 0.30463 0.0661458 0.116667
0 0.338542 0.265278 0.034375 0.0416667
0 0.499219 0.260185 0.0307292 0.0407407
0 0.451823 0.277315 0.0723958 0.0935185
0 0.18776 0.331481 0.0765625 0.157407
0 0.0359375 0.522685 0.0708333 0.39537
0 0.686458 0.263889 0.0625 0.062963
0 0.760938 0.274537 0.1125 0.0935185
0 0.302604 0.284722 0.059375 0.0842593
0 0.582552 0.272685 0.0755208 0.0824074
0 0.0997396 0.369907 0.173438 0.228704
