0 0.13151 0.27037 0.0151042 0.0185185
0 0.141406 0.269444 0.0182292 0.0222222
0 0.230208 0.264352 0.0166667 0.0212963
0 0.308854 0.268056 0.034375 0.0398148
0 0.890625 0.266667 0.111458 0.0981481
0 0.0591146 0.277778 0.0223958 0.0277778
0 0.0247396 0.283333 0.0401042 0.0462963
0 0.0914062 0.276389 0.0307292 0.0342593
0 0.17526 0.281944 0.0463542 0.0527778
0 0.780469 0.274074 0.136979 0.1
0 0.936458 0.281019 0.125 0.126852
0 0.379687 0.284259 0.105208 0.0851852
0 0.644271 0.384722 0.435417 0.376852
