0 0.0578125 0.037963 0.0260417 0.0314815
0 0.324479 0.0592593 0.0364583 0.0444444
0 0.0375 0.0574074 0.0270833 0.037037
0 0.0822917 0.05 0.0270833 0.0481481
0 0.0166667 0.0388889 0.0208333 0.0333333
0 0.648438 0.27963 0.096875 0.0851852
0 0.163021 0.107407 0.0447917 0.0666667
0 0.476562 0.12037 0.0572917 0.0555556
0 0.952604 0.810185 0.0927083 0.275926
0 0.976042 0.338889 0.0479167 0.0851852
0 0.496875 0.174074 0.075 0.0666667
0 0.208333 0.238889 0.06875 0.0851852
0 0.541146 0.623148 0.182292 0.268519
