0 0.743229 0.12963 0.021875 0.0333333
0 0.0604167 0.0388889 0.0458333 0.0333333
0 0.451042 0.163889 0.025 0.0388889
0 0.485938 0.117593 0.021875 0.0277778
0 0.830208 0.207407 0.0395833 0.0555556
0 0.518229 0.112037 0.021875 0.0314815
0 0.774479 0.230556 0.0447917 0.0574074
0 0.670313 0.148148 0.028125 0.037037
0 0.40625 0.159259 0.025 0.037037
0 0.428646 0.187037 0.0302083 0.0444444
0 0.633854 0.147222 0.0239583 0.0351852
0 0.480208 0.190741 0.0333333 0.0481481
0 0.913542 0.384259 0.0770833 0.12037
0 0.709896 0.221296 0.0385417 0.0537037
0 0.648958 0.234259 0.0375 0.0574074
0 0.969792 0.358333 0.0604167 0.0833333
0 0.51875 0.247222 0.0395833 0.0611111
0 0.690625 0.37037 0.0645833 0.103704
0 0.236458 0.337963 0.0625 0.087037
0 0.385417 0.372222 0.0604167 0.114815
0 0.765104 0.339815 0.0614583 0.0796296
0 0.779167 0.744444 0.122917 0.192593
0 0.835417 0.455556 0.08125 0.111111
0 0.284896 0.800926 0.161458 0.312963
