0 0.347396 0.112037 0.040625 0.0351852
0 0.113021 0.212037 0.046875 0.0425926
0 0.156771 0.186111 0.046875 0.0388889
0 0.408854 0.0898148 0.0302083 0.0314815
0 0.0197917 0.241667 0.0395833 0.0425926
0 0.591146 0.355556 0.130208 0.122222
0 0.560938 0.335185 0.0677083 0.0666667
0 0.222396 0.162037 0.040625 0.0425926
0 0.692187 0.149074 0.053125 0.05
0 0.197396 0.162963 0.0427083 0.0481481
0 0.0302083 0.207407 0.05625 0.0407407
0 0.0703125 0.221296 0.0677083 0.0425926
0 0.461979 0.312963 0.0572917 0.0666667
0 0.936458 0.180556 0.0770833 0.0833333
0 0.380208 0.325 0.075 0.0685185
0 0.0546875 0.577778 0.109375 0.118519
0 0.893229 0.377778 0.109375 0.12963
0 0.466667 0.911111 0.247917 0.17037
