0 0.504687 0.106481 0.0239583 0.0388889
0 0.377604 0.190741 0.0302083 0.0407407
0 0.603646 0.121296 0.021875 0.0277778
0 0.659896 0.132407 0.0260417 0.0351852
0 0.705729 0.12037 0.0239583 0.0296296
0 0.321875 0.239815 0.0395833 0.0537037
0 0.630729 0.19537 0.0322917 0.05
0 0.617188 0.15463 0.0260417 0.0388889
0 0.0713542 0.961111 0.140625 0.0777778
0 0.695312 0.215741 0.0385417 0.0574074
0 0.316146 0.317593 0.0572917 0.0796296
0 0.471354 0.309259 0.046875 0.0740741
0 0.657292 0.310185 0.0520833 0.0907407
0 0.779167 0.247222 0.04375 0.0611111
0 0.8375 0.24537 0.0479167 0.0537037
0 0.21875 0.675926 0.120833 0.181481
0 0.769271 0.856481 0.134375 0.216667
0 0.452604 0.426852 0.0635417 0.101852
0 0.379687 0.730556 0.113542 0.209259
0 0.0848958 0.64537 0.130208 0.168519
