0 0.706771 0.0194444 0.0177083 0.0388889
0 0.341146 0.14537 0.0510417 0.0462963
0 0.238542 0.17963 0.0416667 0.0666667
0 0.235417 0.253704 0.05 0.0703704
0 0.777083 0.0805556 0.0395833 0.0574074
0 0.571875 0.0638889 0.0291667 0.0537037
0 0.210938 0.293519 0.0677083 0.0981481
0 0.330208 0.210185 0.102083 0.0944444
0 0.618229 0.0824074 0.0322917 0.05
0 0.0713542 0.45463 0.0927083 0.138889
0 0.610937 0.233333 0.059375 0.0925926
0 0.034375 0.526852 0.06875 0.175926
0 0.120312 0.392593 0.090625 0.125926
0 0.172396 0.340741 0.0822917 0.111111
0 0.502604 0.257407 0.071875 0.118519
0 0.565104 0.675926 0.144792 0.318519
0 0.850521 0.657407 0.155208 0.255556
