0 0.491667 0.0712963 0.0166667 0.0277778
0 0.552604 0.0935185 0.0177083 0.0425926
0 0.735937 0.175926 0.0302083 0.0444444
0 0.542188 0.12963 0.021875 0.0333333
0 0.670833 0.166667 0.025 0.037037
0 0.417188 0.282407 0.0614583 0.127778
0 0.0463542 0.0481481 0.0614583 0.0333333
0 0.447396 0.157407 0.021875 0.0333333
0 0.630729 0.180556 0.0322917 0.0462963
0 0.694271 0.194444 0.034375 0.0592593
0 0.371875 0.265741 0.04375 0.0648148
0 0.778125 0.22963 0.0416667 0.0518519
0 0.527604 0.2 0.0302083 0.0444444
0 0.644792 0.24537 0.0375 0.0574074
0 0.854688 0.252778 0.046875 0.0574074
0 0.0583333 0.683333 0.114583 0.233333
0 0.673437 0.336111 0.053125 0.087037
0 0.804688 0.352778 0.0635417 0.0833333
0 0.757812 0.446296 0.071875 0.111111
0 0.452604 0.42037 0.0677083 0.107407
