0 0.689583 0.127778 0.0291667 0.037037
0 0.836979 0.128704 0.028125 0.0462963
0 0.009375 0.0953704 0.01875 0.0314815
0 0.896354 0.103704 0.021875 0.0333333
0 0.883333 0.130556 0.0229167 0.0314815
0 0.936979 0.0740741 0.0197917 0.0259259
0 0.746354 0.269444 0.0489583 0.0907407
0 0.670833 0.164815 0.0375 0.0444444
0 0.784375 0.212037 0.0416667 0.0574074
0 0.0145833 0.52037 0.0291667 0.140741
0 0.852604 0.194444 0.0385417 0.0518519
0 0.975 0.176852 0.0333333 0.05
0 0.6 0.262037 0.05625 0.0648148
0 0.557813 0.247222 0.0552083 0.0648148
0 0.957812 0.346296 0.0552083 0.0925926
0 0.859896 0.407407 0.065625 0.103704
0 0.355208 0.401852 0.104167 0.103704
