0 0.548437 0.0731481 0.0197917 0.0462963
0 0.619792 0.112037 0.01875 0.0314815
0 0.459375 0.126852 0.0229167 0.0314815
0 0.520312 0.181481 0.0322917 0.0555556
0 0.426042 0.115741 0.0208333 0.0314815
0 0.0119792 0.787037 0.0239583 0.2
0 0.450521 0.224074 0.040625 0.062963
0 0.630208 0.159259 0.0270833 0.0444444
0 0.636979 0.237037 0.0385417 0.0592593
0 0.794792 0.256481 0.05 0.0648148
0 0.769271 0.365741 0.0677083 0.0944444
0 0.789583 0.787963 0.139583 0.231481
0 0.0390625 0.521296 0.078125 0.205556
0 0.705208 0.483333 0.0770833 0.111111
0 0.458854 0.432407 0.0677083 0.12037
0 0.0786458 0.918519 0.157292 0.155556
0 0.9125 0.419444 0.0854167 0.0981481
0 0.333333 0.440741 0.075 0.111111
0 0.338542 0.792593 0.15 0.296296
