0 0.978125 0.557407 0.04375 0.114815
0 0.975 0.517593 0.05 0.0685185
0 0.820312 0.387037 0.0447917 0.0555556
0 0.766146 0.35 0.034375 0.0407407
0 0.4875 0.240741 0.0125 0.0259259
0 0.292708 0.321296 0.03125 0.0425926
0 0.942187 0.483333 0.0864583 0.0888889
0 0.551562 0.25463 0.0177083 0.0240741
0 0.26875 0.337963 0.0395833 0.0462963
0 0.242708 0.356481 0.0416667 0.0537037
0 0.851562 0.412037 0.0572917 0.0574074
0 0.897917 0.439815 0.0833333 0.0907407
0 0.593229 0.287037 0.0177083 0.0333333
0 0.477083 0.323148 0.0291667 0.0537037
0 0.0114583 0.543519 0.0229167 0.0722222
0 0.114063 0.448148 0.0802083 0.0888889
0 0.211979 0.376852 0.0510417 0.0537037
0 0.300521 0.532407 0.096875 0.116667
0 0.421875 0.676852 0.09375 0.183333
0 0.778646 0.789815 0.144792 0.212963
