0 0.907292 0.0731481 0.0166667 0.0240741
0 0.703125 0.142593 0.03125 0.0407407
0 0.934375 0.0814815 0.01875 0.0296296
0 0.824479 0.144444 0.0302083 0.0518519
0 0.875521 0.147222 0.0260417 0.0388889
0 0.892187 0.115741 0.021875 0.0388889
0 0.652083 0.216667 0.0458333 0.0518519
0 0.614583 0.207407 0.0479167 0.0518519
0 0.977604 0.210185 0.0385417 0.0574074
0 0.691667 0.344444 0.0645833 0.111111
0 0.836979 0.227778 0.0427083 0.062963
0 0.164583 0.421296 0.15625 0.194444
0 0.755208 0.255556 0.05 0.0740741
0 0.820312 0.583333 0.0927083 0.159259
0 0.961979 0.49537 0.0739583 0.135185
0 0.471354 0.314815 0.0760417 0.0814815
0 0.190625 0.617593 0.177083 0.190741
