0 0.38125 0.0972222 0.0333333 0.0314815
0 0.345313 0.105556 0.0447917 0.0296296
0 0.457292 0.0685185 0.0416667 0.037037
0 0.0359375 0.233333 0.0697917 0.0518519
0 0.403646 0.087037 0.0260417 0.0333333
0 0.193229 0.163889 0.0427083 0.0425926
0 0.221875 0.162037 0.0375 0.0388889
0 0.8 0.062037 0.0458333 0.0462963
0 0.588542 0.352778 0.145833 0.124074
0 0.259896 0.346296 0.0802083 0.0888889
0 0.541667 0.192593 0.0604167 0.062963
0 0.589583 0.194444 0.0604167 0.0555556
0 0.0630208 0.596296 0.126042 0.181481
0 0.746354 0.449074 0.117708 0.187037
