0 0.374479 0.159259 0.0427083 0.0407407
0 0.309375 0.15 0.03125 0.0333333
0 0.559375 0.116667 0.0770833 0.0444444
0 0.840104 0.158333 0.0947917 0.0574074
0 0.0619792 0.216667 0.028125 0.0444444
0 0.18125 0.185185 0.0354167 0.0444444
0 0.891146 0.264815 0.103125 0.0851852
0 0.503125 0.108333 0.05 0.0425926
0 0.975 0.160185 0.0479167 0.0833333
0 0.021875 0.242593 0.04375 0.107407
0 0.233333 0.243519 0.0520833 0.05
0 0.590625 0.2 0.0479167 0.0555556
0 0.975521 0.493519 0.0489583 0.109259
0 0.310937 0.411111 0.090625 0.148148
0 0.747917 0.230556 0.0854167 0.0759259
0 0.08125 0.251852 0.0395833 0.0518519
0 0.102604 0.312037 0.0489583 0.0796296
0 0.399479 0.241667 0.0677083 0.0685185
0 0.181771 0.401852 0.0760417 0.111111
