0 0.071875 0.149074 0.025 0.0314815
0 0.304167 0.151852 0.0375 0.037037
0 0.928646 0.662963 0.142708 0.137037
0 0.0369792 0.211111 0.0322917 0.0481481
0 0.840625 0.174074 0.0895833 0.062963
0 0.130729 0.164815 0.0260417 0.0259259
0 0.570312 0.123148 0.0552083 0.05
0 0.888021 0.282407 0.117708 0.0833333
0 0.805208 0.175 0.0645833 0.0685185
0 0.0645833 0.197222 0.0270833 0.0388889
0 0.249479 0.216667 0.0447917 0.0518519
0 0.503646 0.121296 0.065625 0.0462963
0 0.969271 0.180556 0.059375 0.0759259
0 0.0578125 0.246296 0.0364583 0.0518519
0 0.740104 0.243519 0.084375 0.0722222
0 0.739062 0.455556 0.178125 0.162963
0 0.181771 0.310185 0.065625 0.0796296
0 0.172917 0.399074 0.0791667 0.112963
0 0.425521 0.303704 0.0885417 0.0851852
0 0.488021 0.586111 0.186458 0.25
