0 0.853125 0.128704 0.0604167 0.0611111
0 0.950521 0.133333 0.0760417 0.062963
0 0.610937 0.0935185 0.0260417 0.0388889
0 0.0635417 0.257407 0.0479167 0.0666667
0 0.291667 0.142593 0.025 0.0407407
0 0.482292 0.0731481 0.025 0.0574074
0 0.272396 0.156481 0.046875 0.05
0 0.970312 0.201852 0.059375 0.0814815
0 0.498437 0.0907407 0.0260417 0.0444444
0 0.263021 0.166667 0.034375 0.0518519
0 0.238542 0.184259 0.0416667 0.0537037
0 0.614062 0.191667 0.040625 0.0685185
0 0.0635417 0.333333 0.0354167 0.0777778
0 0.510417 0.151852 0.0354167 0.0592593
0 0.452604 0.177778 0.0385417 0.062963
0 0.155729 0.196296 0.0489583 0.062963
0 0.203125 0.20463 0.0583333 0.0611111
0 0.0916667 0.301852 0.0666667 0.0851852
0 0.359896 0.205556 0.0552083 0.0666667
0 0.125521 0.269444 0.053125 0.0722222
0 0.971875 0.887963 0.05625 0.216667
0 0.730729 0.315741 0.071875 0.0981481
0 0.65 0.375 0.0833333 0.135185
0 0.692187 0.590741 0.126042 0.214815
0 0.834375 0.516667 0.125 0.185185
