0 0.0614583 0.412037 0.0520833 0.0796296
0 0.332812 0.287037 0.0322917 0.037037
0 0.0515625 0.391667 0.0489583 0.0462963
0 0.789583 0.365741 0.0375 0.0462963
0 0.308854 0.299074 0.0302083 0.0425926
0 0.821875 0.386111 0.0395833 0.05
0 0.268229 0.328704 0.040625 0.0388889
0 0.766146 0.347222 0.034375 0.0388889
0 0.603646 0.260185 0.015625 0.0351852
0 0.292188 0.312963 0.0364583 0.0444444
0 0.241667 0.350926 0.04375 0.05
0 0.973437 0.519444 0.053125 0.087037
0 0.478646 0.249074 0.0135417 0.0240741
0 0.895833 0.437037 0.08125 0.0851852
0 0.851042 0.409259 0.0583333 0.0555556
0 0.941146 0.475926 0.084375 0.0777778
0 0.464583 0.268519 0.0166667 0.0296296
0 0.111979 0.437963 0.0802083 0.087037
0 0.00989583 0.537963 0.0197917 0.0759259
0 0.992708 0.577778 0.0145833 0.0814815
0 0.418229 0.387037 0.040625 0.062963
0 0.209896 0.372222 0.0489583 0.0555556
