0 0.122917 0.293519 0.06875 0.135185
0 0.480729 0.0824074 0.028125 0.0388889
0 0.152083 0.181481 0.05 0.062963
0 0.855208 0.119444 0.05 0.0574074
0 0.686979 0.114815 0.034375 0.0481481
0 0.202083 0.189815 0.0625 0.0611111
0 0.521354 0.0675926 0.0260417 0.0425926
0 0.356771 0.182407 0.0739583 0.0574074
0 0.936458 0.166667 0.0625 0.0666667
0 0.651042 0.162963 0.04375 0.0740741
0 0.596875 0.190741 0.0479167 0.0814815
0 0.509375 0.173148 0.0416667 0.0759259
0 0.324479 0.227778 0.0510417 0.0740741
0 0.445312 0.180556 0.040625 0.0648148
0 0.105729 0.326852 0.065625 0.116667
0 0.968229 0.187037 0.0635417 0.0666667
0 0.731771 0.191667 0.0510417 0.0759259
0 0.336458 0.412037 0.0895833 0.183333
0 0.497917 0.312963 0.0625 0.107407
0 0.711979 0.268519 0.0635417 0.0925926
0 0.611979 0.27037 0.0552083 0.0888889
0 0.896354 0.400926 0.107292 0.142593
0 0.754687 0.714815 0.151042 0.233333
0 0.0869792 0.735185 0.173958 0.255556
0 0.382812 0.919444 0.165625 0.157407
0 0.768229 0.411111 0.101042 0.151852
