0 0.417188 0.0712963 0.0239583 0.0425926
0 0.980729 0.0240741 0.0385417 0.0444444
0 0.402083 0.0833333 0.0333333 0.0407407
0 0.253646 0.232407 0.034375 0.0796296
0 0.104687 0.348148 0.121875 0.103704
0 0.286458 0.134259 0.04375 0.0685185
0 0.223958 0.233333 0.0916667 0.0925926
0 0.386979 0.0944444 0.0322917 0.0481481
0 0.366667 0.112963 0.0395833 0.0555556
0 0.0328125 0.432407 0.065625 0.112963
0 0.335938 0.134259 0.0572917 0.0611111
0 0.267708 0.201852 0.05 0.0740741
0 0.133333 0.325926 0.0729167 0.103704
0 0.778125 0.0462963 0.0395833 0.0592593
0 0.0822917 0.369444 0.0791667 0.0944444
0 0.472917 0.189815 0.05625 0.0796296
0 0.766667 0.0944444 0.04375 0.062963
0 0.554167 0.235185 0.0604167 0.107407
0 0.333333 0.817593 0.2125 0.361111
0 0.715104 0.823148 0.176042 0.346296
