0 0.966146 0.0675926 0.0385417 0.0277778
0 0.670313 0.012037 0.0260417 0.0240741
0 0.351042 0.137963 0.0416667 0.0574074
0 0.330729 0.159259 0.040625 0.0592593
0 0.369792 0.114815 0.0395833 0.0518519
0 0.295833 0.17963 0.0625 0.0666667
0 0.193229 0.297222 0.0822917 0.101852
0 0.526042 0.0972222 0.0354167 0.0685185
0 0.7 0.0787037 0.0354167 0.0537037
0 0.948438 0.101852 0.0489583 0.0555556
0 0.241146 0.251852 0.0489583 0.0814815
0 0.119792 0.385185 0.08125 0.125926
0 0.217708 0.285185 0.0708333 0.0962963
0 0.0765625 0.444444 0.0885417 0.12963
0 0.765104 0.1 0.040625 0.0592593
0 0.176563 0.32963 0.0822917 0.111111
0 0.0364583 0.518519 0.0729167 0.177778
0 0.636979 0.467593 0.096875 0.157407
