0 0.655729 0.260185 0.0614583 0.0425926
0 0.857813 0.183333 0.0364583 0.0333333
0 0.938021 0.274074 0.0364583 0.0555556
0 0.671354 0.25463 0.040625 0.0425926
0 0.406771 0.347222 0.0802083 0.0685185
0 0.641667 0.266667 0.0354167 0.0407407
0 0.608854 0.27963 0.0385417 0.0444444
0 0.9875 0.214815 0.0208333 0.0296296
0 0.571354 0.293519 0.0447917 0.0462963
0 0.529688 0.308333 0.0510417 0.0462963
0 0.171875 0.401852 0.0604167 0.062963
0 0.358333 0.380556 0.0708333 0.0796296
0 0.264583 0.418519 0.0958333 0.0777778
