0 0.45 0.137037 0.1 0.0740741
0 0.0322917 0.3 0.05625 0.0518519
0 0.570312 0.0648148 0.046875 0.0555556
0 0.429688 0.150926 0.059375 0.0685185
0 0.523438 0.0907407 0.0572917 0.062963
0 0.790104 0.0638889 0.0552083 0.0648148
0 0.610417 0.0472222 0.0458333 0.05
0 0.470313 0.12037 0.0677083 0.062963
0 0.23125 0.250926 0.104167 0.087037
0 0.504687 0.282407 0.117708 0.142593
0 0.124479 0.314815 0.117708 0.107407
0 0.0369792 0.374074 0.071875 0.107407
0 0.600521 0.167593 0.084375 0.0907407
0 0.708333 0.0898148 0.0645833 0.0722222
0 0.261979 0.424074 0.178125 0.174074
