0 0.581771 0.0388889 0.0177083 0.0333333
0 0.504167 0.0601852 0.0208333 0.0537037
0 0.985417 0.140741 0.0291667 0.0555556
0 0.317708 0.147222 0.0354167 0.0351852
0 0.854688 0.151852 0.059375 0.0555556
0 0.283333 0.180556 0.0395833 0.0537037
0 0.3 0.159259 0.0354167 0.0407407
0 0.990104 0.244444 0.0197917 0.0555556
0 0.0625 0.281481 0.0479167 0.0666667
0 0.839063 0.142593 0.040625 0.0518519
0 0.939062 0.199074 0.0635417 0.0611111
0 0.601042 0.187963 0.0416667 0.0796296
0 0.592708 0.062963 0.01875 0.0259259
0 0.948958 0.155556 0.075 0.062963
0 0.263021 0.189815 0.0364583 0.05
0 0.490104 0.0953704 0.021875 0.0388889
0 0.970833 0.221296 0.0583333 0.0722222
0 0.639583 0.0990741 0.0229167 0.0388889
0 0.154167 0.221296 0.0458333 0.0611111
0 0.239583 0.207407 0.04375 0.0518519
0 0.575521 0.0907407 0.0197917 0.0333333
0 0.0864583 0.326852 0.0770833 0.0907407
0 0.204167 0.226852 0.0583333 0.0611111
0 0.123438 0.293519 0.0510417 0.0722222
0 0.734375 0.322222 0.06875 0.0962963
0 0.308854 0.236111 0.0864583 0.0685185
