0 0.367708 0.112037 0.0375 0.05
0 0.944271 0.0694444 0.034375 0.0425926
0 0.93125 0.0648148 0.03125 0.0407407
0 0.294792 0.178704 0.0645833 0.0648148
0 0.234896 0.177778 0.0447917 0.0703704
0 0.346354 0.144444 0.0385417 0.0555556
0 0.326562 0.161111 0.0427083 0.0592593
0 0.708854 0.012963 0.021875 0.0259259
0 0.957292 0.0731481 0.04375 0.0462963
0 0.2375 0.248148 0.0520833 0.0740741
0 0.585417 0.141667 0.0375 0.0722222
0 0.216667 0.289815 0.0729167 0.0981481
0 0.602604 0.188889 0.046875 0.0814815
0 0.173958 0.325 0.0833333 0.0907407
0 0.0723958 0.45 0.0927083 0.133333
0 0.123958 0.387037 0.0895833 0.125926
0 0.685938 0.216667 0.0552083 0.0888889
0 0.590625 0.268519 0.0666667 0.125926
0 0.0354167 0.522222 0.0708333 0.177778
