0 0.265625 0.163889 0.0416667 0.05
0 0.853125 0.130556 0.0604167 0.0574074
0 0.200521 0.202778 0.0552083 0.0611111
0 0.659896 0.1 0.0260417 0.0407407
0 0.238542 0.183333 0.0458333 0.0518519
0 0.618229 0.0814815 0.0302083 0.0481481
0 0.951563 0.134259 0.0802083 0.0648148
0 0.939583 0.180556 0.0645833 0.0648148
0 0.989583 0.230556 0.0208333 0.0425926
0 0.157292 0.194444 0.0541667 0.062963
0 0.471875 0.132407 0.03125 0.05
0 0.632292 0.137963 0.0333333 0.0574074
0 0.0875 0.296296 0.06875 0.0814815
0 0.510417 0.15463 0.0333333 0.0574074
0 0.6875 0.631481 0.141667 0.292593
0 0.969792 0.201852 0.0604167 0.0703704
0 0.435417 0.214815 0.0458333 0.0703704
0 0.515104 0.264815 0.053125 0.0888889
0 0.733854 0.212963 0.0510417 0.0703704
0 0.421875 0.301852 0.0604167 0.0925926
0 0.949479 0.875926 0.101042 0.233333
0 0.144792 0.889815 0.20625 0.212963
0 0.35 0.438889 0.0916667 0.140741
0 0.0802083 0.738889 0.160417 0.251852
0 0.817187 0.49537 0.117708 0.153704
