0 0.715104 0.161111 0.0302083 0.0407407
0 0.629687 0.169444 0.0260417 0.0388889
0 0.408854 0.153704 0.0239583 0.0444444
0 0.501042 0.128704 0.01875 0.0314815
0 0.530729 0.163889 0.0239583 0.05
0 0.813021 0.241667 0.0489583 0.0648148
0 0.683854 0.17037 0.0260417 0.0518519
0 0.459375 0.205556 0.03125 0.0666667
0 0.644792 0.236111 0.0395833 0.0574074
0 0.719271 0.253704 0.0427083 0.0740741
0 0.425521 0.290741 0.0447917 0.0666667
0 0.800521 0.408333 0.0697917 0.101852
0 0.874479 0.380556 0.065625 0.087037
0 0.482292 0.313889 0.04375 0.105556
0 0.676562 0.334259 0.0572917 0.0759259
0 0.786979 0.861111 0.134375 0.22963
0 0.149479 0.77037 0.146875 0.222222
0 0.948438 0.857407 0.101042 0.262963
0 0.695312 0.499074 0.0802083 0.12037
0 0.288542 0.372222 0.0583333 0.0888889
