0 0.706771 0.110185 0.0239583 0.0351852
0 0.431771 0.0990741 0.0260417 0.0388889
0 0.483333 0.0759259 0.01875 0.0259259
0 0.7625 0.117593 0.0291667 0.0388889
0 0.435937 0.134259 0.028125 0.0462963
0 0.642708 0.112037 0.03125 0.0611111
0 0.730729 0.137037 0.0302083 0.0481481
0 0.51875 0.062963 0.01875 0.0259259
0 0.609896 0.0694444 0.021875 0.0388889
0 0.547917 0.0509259 0.0208333 0.0351852
0 0.786979 0.187963 0.046875 0.0722222
0 0.489062 0.123148 0.0260417 0.0537037
0 0.714063 0.462037 0.0989583 0.216667
0 0.622396 0.141667 0.028125 0.0425926
0 0.530729 0.140741 0.028125 0.0407407
0 0.379167 0.153704 0.0333333 0.0444444
0 0.858333 0.233333 0.0520833 0.062963
0 0.647917 0.209259 0.0375 0.0666667
0 0.0932292 0.542593 0.136458 0.211111
0 0.853646 0.469444 0.0927083 0.12037
