0 0.594271 0.037963 0.0302083 0.0314815
0 0.350521 0.172222 0.0364583 0.0555556
0 0.241667 0.203704 0.05 0.062963
0 0.679688 0.0518519 0.0260417 0.037037
0 0.742708 0.0703704 0.0270833 0.0333333
0 0.365625 0.148148 0.0375 0.0518519
0 0.331771 0.191667 0.040625 0.0574074
0 0.7375 0.10463 0.0333333 0.05
0 0.302083 0.211111 0.0520833 0.062963
0 0.705208 0.0777778 0.0291667 0.0481481
0 0.239063 0.281481 0.0510417 0.0814815
0 0.565625 0.0657407 0.0229167 0.0314815
0 0.773438 0.131481 0.0385417 0.0518519
0 0.126563 0.409259 0.090625 0.118519
0 0.075 0.473148 0.0895833 0.124074
0 0.217708 0.316667 0.0708333 0.0962963
0 0.580208 0.128704 0.0291667 0.05
0 0.177083 0.362037 0.08125 0.112963
0 0.875 0.219444 0.0625 0.0796296
0 0.0359375 0.546296 0.071875 0.177778
0 0.816146 0.167593 0.046875 0.0648148
0 0.360938 0.287037 0.0885417 0.0851852
0 0.593229 0.236111 0.053125 0.0796296
0 0.972396 0.382407 0.0552083 0.12037
0 0.641667 0.927778 0.135417 0.140741
0 0.805729 0.243519 0.0677083 0.0833333
