0 0.786979 0.362963 0.034375 0.0481481
0 0.308333 0.306481 0.0291667 0.05
0 0.332812 0.288889 0.0322917 0.0407407
0 0.770833 0.344444 0.0395833 0.0407407
0 0.817708 0.383333 0.0395833 0.0555556
0 0.857813 0.412037 0.0510417 0.0574074
0 0.295312 0.313889 0.0364583 0.0462963
0 0.243229 0.352778 0.0427083 0.0537037
0 0.269792 0.333333 0.0354167 0.0444444
0 0.111979 0.442593 0.0822917 0.0888889
0 0.960938 0.6 0.078125 0.103704
0 0.0125 0.537037 0.025 0.0703704
0 0.942708 0.475926 0.0875 0.0814815
0 0.608333 0.301852 0.0270833 0.0407407
0 0.975 0.512963 0.05 0.0703704
0 0.898438 0.438889 0.0822917 0.0851852
0 0.594792 0.437963 0.0541667 0.0833333
0 0.56875 0.302778 0.0270833 0.0351852
0 0.211458 0.373148 0.05 0.0537037
