0 0.513021 0.108333 0.071875 0.0425926
0 0.840625 0.159259 0.0958333 0.0592593
0 0.179688 0.212963 0.0385417 0.0444444
0 0.974479 0.160185 0.0489583 0.0796296
0 0.0791667 0.227778 0.0333333 0.0666667
0 0.325 0.209259 0.05 0.0555556
0 0.590104 0.2 0.046875 0.0555556
0 0.0255208 0.263889 0.0510417 0.109259
0 0.747396 0.230556 0.084375 0.0722222
0 0.583333 0.707407 0.204167 0.311111
0 0.110417 0.285185 0.05 0.0666667
0 0.294271 0.548148 0.130208 0.177778
0 0.14375 0.371296 0.0666667 0.109259
0 0.683333 0.349074 0.135417 0.124074
0 0.529167 0.385185 0.129167 0.114815
