0 0.951563 0.14537 0.0760417 0.0611111
0 0.30625 0.148148 0.0270833 0.0407407
0 0.610937 0.134259 0.065625 0.0462963
0 0.0588542 0.271296 0.0572917 0.0648148
0 0.632812 0.136111 0.034375 0.0574074
0 0.859375 0.14537 0.05 0.0537037
0 0.940104 0.189815 0.059375 0.0648148
0 0.595312 0.0472222 0.0177083 0.0277778
0 0.295312 0.156481 0.0260417 0.0425926
0 0.524479 0.0777778 0.0177083 0.0296296
0 0.196354 0.221296 0.0427083 0.0574074
0 0.0640625 0.350926 0.0322917 0.0759259
0 0.634896 0.0731481 0.0239583 0.0314815
0 0.278646 0.168519 0.028125 0.0444444
0 0.260938 0.182407 0.0322917 0.05
0 0.240625 0.197222 0.0416667 0.0537037
0 0.970833 0.209259 0.0583333 0.0666667
0 0.155729 0.209259 0.0510417 0.062963
0 0.632292 0.177778 0.0395833 0.062963
0 0.578646 0.103704 0.0239583 0.0333333
0 0.127083 0.282407 0.0520833 0.0722222
0 0.590104 0.132407 0.0260417 0.0462963
0 0.0911458 0.313889 0.071875 0.087037
0 0.828125 0.891667 0.204167 0.209259
0 0.715104 0.337037 0.0739583 0.103704
