0 0.4875 0.107407 0.0291667 0.0703704
0 0.275 0.187037 0.0416667 0.0555556
0 0.990104 0.252778 0.0197917 0.0425926
0 0.305208 0.161111 0.0291667 0.0407407
0 0.284896 0.17963 0.0302083 0.0481481
0 0.855729 0.155556 0.0572917 0.062963
0 0.948958 0.159259 0.075 0.0592593
0 0.971354 0.22037 0.0572917 0.0592593
0 0.0666667 0.361111 0.0416667 0.0814815
0 0.570312 0.062963 0.015625 0.0259259
0 0.294271 0.166667 0.0302083 0.037037
0 0.939062 0.202778 0.0635417 0.0648148
0 0.239063 0.211111 0.0385417 0.0518519
0 0.0536458 0.273148 0.065625 0.0833333
0 0.617188 0.0666667 0.0177083 0.0296296
0 0.156771 0.224074 0.046875 0.0592593
0 0.261979 0.194444 0.0322917 0.0518519
0 0.578646 0.105556 0.0239583 0.0444444
0 0.653646 0.140741 0.0302083 0.0481481
0 0.461458 0.171296 0.0395833 0.0611111
0 0.124479 0.29537 0.053125 0.0722222
0 0.203646 0.233333 0.059375 0.0592593
0 0.0921875 0.327778 0.065625 0.0851852
0 0.953125 0.9 0.09375 0.188889
0 0.669792 0.235185 0.05 0.0814815
0 0.697917 0.618519 0.129167 0.2
0 0.709896 0.35463 0.071875 0.0981481
