0 0.884896 0.0546296 0.0177083 0.0203704
0 0.732813 0.0712963 0.0197917 0.0277778
0 0.947917 0.0462963 0.01875 0.0407407
0 0.559896 0.152778 0.0385417 0.0425926
0 0.842708 0.087037 0.01875 0.0259259
0 0.855729 0.0583333 0.0197917 0.0240741
0 0.9 0.0981481 0.0229167 0.037037
0 0.529688 0.190741 0.0489583 0.0518519
0 0.807813 0.126852 0.0302083 0.0388889
0 0.6625 0.137963 0.0375 0.0388889
0 0.853646 0.12963 0.028125 0.0407407
0 0.948438 0.134259 0.028125 0.0425926
0 0.727083 0.237037 0.05 0.0666667
0 0.811458 0.212963 0.0458333 0.0740741
0 0.601562 0.655556 0.138542 0.240741
0 0.469271 0.232407 0.0822917 0.0981481
0 0.5125 0.302778 0.0770833 0.0833333
0 0.0203125 0.484259 0.040625 0.0796296
0 0.320833 0.360185 0.110417 0.157407
0 0.945312 0.528704 0.0822917 0.157407
0 0.220833 0.562963 0.158333 0.17037
