0 0.707812 0.164815 0.0385417 0.0814815
0 0.544792 0.141667 0.0479167 0.0537037
0 0.519792 0.0675926 0.0729167 0.0425926
0 0.867188 0.121296 0.0614583 0.0574074
0 0.163542 0.124074 0.03125 0.0481481
0 0.823438 0.121296 0.053125 0.0611111
0 0.594792 0.157407 0.0479167 0.0555556
0 0.0916667 0.171296 0.0395833 0.0537037
0 0.751562 0.187037 0.084375 0.062963
0 0.03125 0.136111 0.025 0.0351852
0 0.978646 0.126852 0.0427083 0.0759259
0 0.168229 0.313889 0.071875 0.101852
0 0.339063 0.551852 0.153125 0.211111
0 0.391667 0.42037 0.13125 0.159259
