0 0.951563 0.0268519 0.0364583 0.0314815
0 0.445312 0.0740741 0.0302083 0.0444444
0 0.982292 0.0462963 0.0354167 0.037037
0 0.586458 0.037037 0.0291667 0.0481481
0 0.422917 0.162963 0.0916667 0.0666667
0 0.235938 0.261111 0.0697917 0.0962963
0 0.145313 0.358333 0.0885417 0.112963
0 0.466667 0.185185 0.05625 0.0777778
0 0.733854 0.0148148 0.0260417 0.0296296
0 0.196875 0.306481 0.0791667 0.109259
0 0.376042 0.232407 0.08125 0.0907407
0 0.0947917 0.42037 0.0916667 0.137037
0 0.509375 0.223148 0.0583333 0.0944444
0 0.0458333 0.490741 0.0916667 0.17037
0 0.0182292 0.723148 0.0364583 0.175926
