0 0.417188 0.0703704 0.0197917 0.0444444
0 0.494271 0.0907407 0.128125 0.177778
0 0.402083 0.0805556 0.03125 0.0425926
0 0.178646 0.282407 0.040625 0.0981481
0 0.284375 0.131481 0.0395833 0.0703704
0 0.230208 0.226852 0.08125 0.087037
0 0.0328125 0.42963 0.065625 0.111111
0 0.367188 0.110185 0.040625 0.0537037
0 0.3875 0.0925926 0.03125 0.0481481
0 0.772396 0.037037 0.0364583 0.0555556
0 0.135937 0.321296 0.0760417 0.0944444
0 0.0833333 0.367593 0.0791667 0.0944444
0 0.335938 0.134259 0.059375 0.0611111
0 0.26875 0.2 0.0479167 0.0740741
0 0.764063 0.0833333 0.040625 0.062963
0 0.723437 0.899074 0.180208 0.194444
0 0.473437 0.186111 0.0552083 0.0833333
0 0.282292 0.872222 0.220833 0.248148
0 0.548958 0.252778 0.0645833 0.105556
