0 0.0541667 0.0537037 0.0270833 0.0481481
0 0.117708 0.121296 0.0416667 0.0685185
0 0.0229167 0.0777778 0.025 0.0444444
0 0.916146 0.909259 0.167708 0.177778
0 0.0182292 0.174074 0.0364583 0.0962963
0 0.413542 0.153704 0.0625 0.0592593
0 0.18125 0.180556 0.0458333 0.0648148
0 0.515104 0.146296 0.0614583 0.0555556
0 0.326042 0.240741 0.0729167 0.1
0 0.090625 0.199074 0.0479167 0.0722222
0 0.6 0.263889 0.09375 0.0759259
0 0.238542 0.278704 0.06875 0.109259
0 0.886458 0.753704 0.225 0.218519
0 0.334896 0.368519 0.0927083 0.125926
0 0.940625 0.3 0.11875 0.0962963
0 0.213021 0.378704 0.0822917 0.124074
