0 0.913021 0.0194444 0.0197917 0.0314815
0 0.663021 0.156481 0.0489583 0.0685185
0 0.622917 0.0925926 0.0354167 0.0407407
0 0.703646 0.0555556 0.0239583 0.0259259
0 0.975521 0.037037 0.021875 0.037037
0 0.691667 0.103704 0.0354167 0.0407407
0 0.853125 0.0574074 0.0229167 0.0333333
0 0.895312 0.0583333 0.021875 0.0351852
0 0.878125 0.0777778 0.0270833 0.0407407
0 0.547396 0.147222 0.046875 0.05
0 0.903125 0.278704 0.0625 0.0981481
0 0.502083 0.300926 0.0875 0.0907407
0 0.85 0.177778 0.0479167 0.0666667
0 0.496875 0.203704 0.0604167 0.0592593
0 0.583333 0.174074 0.05 0.0555556
0 0.816667 0.572222 0.0979167 0.177778
0 0.111979 0.639815 0.198958 0.242593
0 0.417708 0.927778 0.225 0.137037
0 0.444271 0.287963 0.0802083 0.087037
