0 0.442187 0.0925926 0.040625 0.0444444
0 0.457812 0.116667 0.040625 0.0518519
0 0.361458 0.087963 0.0395833 0.0425926
0 0.0619792 0.126852 0.0322917 0.05
0 0.825521 0.625926 0.186458 0.285185
0 0.51875 0.115741 0.0479167 0.0537037
0 0.225521 0.158333 0.046875 0.0574074
0 0.43125 0.141667 0.05 0.0537037
0 0.0291667 0.175 0.0375 0.0611111
0 0.166146 0.183333 0.0489583 0.062963
0 0.244271 0.255556 0.0697917 0.1
0 0.543229 0.155556 0.059375 0.0592593
0 0.771354 0.334259 0.107292 0.087037
0 0.184375 0.333333 0.0666667 0.107407
0 0.870833 0.915741 0.258333 0.161111
0 0.107292 0.525 0.0979167 0.168519
