0 0.464583 0.17037 0.0729167 0.0518519
0 0.13125 0.25 0.0520833 0.0555556
0 0.508333 0.0814815 0.0166667 0.0296296
0 0.411979 0.212963 0.0572917 0.062963
0 0.795313 0.159259 0.0385417 0.0518519
0 0.820312 0.174074 0.0302083 0.0444444
0 0.858854 0.198148 0.0322917 0.0555556
0 0.982292 0.277778 0.0354167 0.0666667
0 0.467708 0.111111 0.0229167 0.0481481
0 0.423958 0.223148 0.0375 0.0685185
0 0.421875 0.12963 0.0270833 0.0444444
0 0.441146 0.165741 0.0302083 0.0462963
0 0.4 0.200926 0.0354167 0.0611111
0 0.485938 0.178704 0.0364583 0.0574074
0 0.356771 0.252778 0.0364583 0.0685185
0 0.0447917 0.247222 0.0416667 0.0648148
0 0.165104 0.303704 0.0572917 0.0777778
0 0.479688 0.241667 0.0447917 0.0685185
0 0.884375 0.218519 0.0520833 0.0814815
0 0.957812 0.237963 0.0802083 0.0648148
0 0.416146 0.274074 0.0489583 0.0740741
0 0.452083 0.365741 0.0729167 0.105556
0 0.696354 0.432407 0.084375 0.12037
0 0.334375 0.440741 0.0854167 0.125926
0 0.367708 0.815741 0.14375 0.275926
