0 0.178646 0.280556 0.0385417 0.0944444
0 0.210417 0.243519 0.0958333 0.12037
0 0.390625 0.0861111 0.0375 0.0462963
0 0.198958 0.275 0.0791667 0.101852
0 0.253125 0.223148 0.0375 0.0759259
0 0.369792 0.107407 0.0395833 0.0518519
0 0.788542 0.00925926 0.0270833 0.0185185
0 0.335417 0.131481 0.0583333 0.062963
0 0.0333333 0.428704 0.0666667 0.112963
0 0.476042 0.177778 0.0625 0.0888889
0 0.26875 0.198148 0.05 0.0740741
0 0.747396 0.0185185 0.0302083 0.037037
0 0.0822917 0.364815 0.08125 0.0962963
0 0.657292 0.132407 0.0458333 0.0796296
0 0.140104 0.323148 0.084375 0.105556
0 0.582812 0.156481 0.0510417 0.0944444
0 0.636458 0.235185 0.0645833 0.111111
0 0.938021 0.266667 0.096875 0.133333
0 0.944792 0.57037 0.110417 0.218519
0 0.460938 0.550926 0.123958 0.209259
