0 0.0942708 0.15 0.0364583 0.111111
0 0.211979 0.242593 0.0552083 0.0888889
0 0.104167 0.827778 0.19375 0.333333
0 0.509896 0.299074 0.0822917 0.105556
0 0.618229 0.240741 0.101042 0.0925926
0 0.726042 0.278704 0.1125 0.105556
0 0.292708 0.32037 0.0791667 0.107407
0 0.825521 0.54537 0.180208 0.22037
0 0.765625 0.431481 0.158333 0.137037
0 0.620833 0.365741 0.127083 0.127778
0 0.959375 0.683333 0.08125 0.155556
0 0.946354 0.521296 0.107292 0.175926
0 0.352083 0.375 0.075 0.105556
0 0.911979 0.356481 0.146875 0.127778
0 0.641146 0.469444 0.167708 0.146296
0 0.427604 0.436111 0.113542 0.127778
0 0.583854 0.552778 0.161458 0.175926
0 0.2875 0.437963 0.09375 0.124074
0 0.816667 0.72037 0.28125 0.344444
