0 0.872917 0.0314815 0.0208333 0.0259259
0 0.520833 0.141667 0.0479167 0.05
0 0.663021 0.075 0.0322917 0.0388889
0 0.540104 0.446296 0.119792 0.177778
0 0.890625 0.062037 0.0291667 0.05
0 0.554167 0.235185 0.075 0.103704
0 0.988542 0.552778 0.0229167 0.164815
0 0.75625 0.188889 0.0583333 0.0851852
0 0.0744792 0.448148 0.136458 0.133333
0 0.484375 0.2 0.0708333 0.0888889
0 0.398958 0.221296 0.0729167 0.0722222
0 0.772396 0.314815 0.071875 0.1
0 0.311458 0.376852 0.108333 0.116667
0 0.577083 0.675 0.158333 0.238889
0 0.779688 0.791667 0.146875 0.287037
