0 0.422396 0.0694444 0.028125 0.0388889
0 0.282292 0.271296 0.0333333 0.0759259
0 0.984896 0.0333333 0.0302083 0.0407407
0 0.311979 0.0851852 0.046875 0.0592593
0 0.946354 0.037037 0.0447917 0.0444444
0 0.689062 0.037037 0.028125 0.0407407
0 0.311458 0.142593 0.04375 0.0592593
0 0.408854 0.776852 0.355208 0.435185
0 0.989062 0.0990741 0.021875 0.0388889
0 0.377083 0.106481 0.04375 0.0722222
0 0.765104 0.0601852 0.0364583 0.05
0 0.267708 0.201852 0.0583333 0.0814815
0 0.707812 0.105556 0.0489583 0.0666667
0 0.538542 0.0601852 0.025 0.05
0 0.970312 0.0805556 0.0552083 0.0537037
0 0.195833 0.285185 0.0604167 0.0962963
0 0.23125 0.231481 0.0645833 0.0703704
0 0.295312 0.166667 0.0489583 0.0666667
0 0.614583 0.0898148 0.0354167 0.0611111
0 0.586979 0.141667 0.0427083 0.0722222
0 0.0375 0.513889 0.075 0.187037
0 0.830208 0.174074 0.0666667 0.0814815
0 0.147917 0.337037 0.0958333 0.12963
0 0.610417 0.262037 0.06875 0.112963
0 0.644271 0.44537 0.0989583 0.187037
