0 0.830208 0.113889 0.0291667 0.0462963
0 0.929688 0.165741 0.132292 0.0685185
0 0.863021 0.139815 0.0302083 0.0611111
0 0.0463542 0.189815 0.0364583 0.0611111
0 0.478125 0.0222222 0.0229167 0.0444444
0 0.442187 0.0944444 0.0322917 0.062963
0 0.617188 0.05 0.0260417 0.0444444
0 0.0197917 0.281481 0.0395833 0.0925926
0 0.890625 0.160185 0.05 0.0759259
0 0.98125 0.233333 0.0375 0.103704
0 0.0932292 0.238889 0.117708 0.0777778
0 0.960938 0.176852 0.0760417 0.0648148
0 0.382292 0.267593 0.0604167 0.0907407
0 0.66875 0.314815 0.0708333 0.107407
0 0.457812 0.330556 0.0697917 0.109259
0 0.211979 0.683333 0.142708 0.237037
0 0.34375 0.843518 0.185417 0.301852
0 0.591667 0.360185 0.0770833 0.112963
0 0.781771 0.562037 0.126042 0.17963
