0 0.633854 0.0787037 0.034375 0.0388889
0 0.910417 0.0203704 0.0208333 0.037037
0 0.985937 0.0527778 0.0260417 0.0425926
0 0.953125 0.0212963 0.0229167 0.0314815
0 0.857292 0.0398148 0.025 0.0314815
0 0.833854 0.0861111 0.034375 0.0425926
0 0.973437 0.0990741 0.0322917 0.05
0 0.557292 0.110185 0.0458333 0.05
0 0.607292 0.114815 0.0458333 0.0481481
0 0.805208 0.241667 0.0666667 0.112963
0 0.989583 0.252778 0.0208333 0.0796296
0 0.499479 0.214815 0.059375 0.0703704
0 0.35 0.247222 0.08125 0.0759259
0 0.5375 0.240741 0.0666667 0.1
0 0.0479167 0.568519 0.0958333 0.166667
0 0.861979 0.425926 0.084375 0.140741
