0 0.544271 0.0759259 0.0385417 0.0407407
0 0.215104 0.087037 0.0364583 0.0296296
0 0.0734375 0.0907407 0.0177083 0.0222222
0 0.567187 0.0768519 0.0760417 0.0462963
0 0.271354 0.0944444 0.0322917 0.037037
0 0.417188 0.12037 0.0447917 0.0407407
0 0.315104 0.107407 0.0322917 0.0333333
0 0.365104 0.108333 0.0635417 0.0425926
0 0.380729 0.113889 0.0385417 0.0425926
0 0.895833 0.22037 0.0958333 0.062963
0 0.0369792 0.0685185 0.034375 0.0296296
0 0.877083 0.121296 0.0583333 0.0611111
0 0.826563 0.123148 0.053125 0.0611111
0 0.516146 0.0694444 0.059375 0.0462963
0 0.141667 0.112037 0.0375 0.0537037
0 0.00729167 0.116667 0.0145833 0.0296296
0 0.980729 0.125926 0.0385417 0.0814815
0 0.755729 0.193519 0.0864583 0.0759259
0 0.235938 0.161111 0.046875 0.062963
0 0.251042 0.382407 0.09375 0.127778
