0 0.745313 0.12037 0.034375 0.0481481
0 0.457292 0.0944444 0.0229167 0.062963
0 0.754687 0.108333 0.0260417 0.0388889
0 0.5125 0.0740741 0.0208333 0.0296296
0 0.541146 0.0851852 0.0197917 0.0333333
0 0.626562 0.108333 0.0239583 0.0425926
0 0.725 0.075 0.0229167 0.0314815
0 0.684896 0.0796296 0.021875 0.0222222
0 0.739583 0.136111 0.03125 0.0425926
0 0.489583 0.108333 0.025 0.05
0 0.795833 0.138889 0.03125 0.0444444
0 0.658854 0.0861111 0.021875 0.0351852
0 0.446875 0.186111 0.0291667 0.0537037
0 0.518229 0.147222 0.0322917 0.0648148
0 0.683854 0.130556 0.0322917 0.05
0 0.656771 0.15 0.0322917 0.0555556
0 0.714063 0.202778 0.028125 0.0537037
0 0.218229 0.30463 0.065625 0.101852
0 0.202083 0.421296 0.0875 0.142593
0 0.35 0.378704 0.0729167 0.124074
0 0.881771 0.328704 0.0697917 0.087037
0 0.0942708 0.540741 0.115625 0.148148
0 0.442708 0.418519 0.0729167 0.118519
