0 0.821354 0.286111 0.0302083 0.0425926
0 0.64375 0.240741 0.0291667 0.0407407
0 0.668229 0.252778 0.0302083 0.0351852
0 0.984375 0.410185 0.03125 0.0722222
0 0.328125 0.273148 0.0208333 0.0351852
0 0.883854 0.334259 0.0447917 0.0537037
0 0.656771 0.256481 0.0260417 0.0425926
0 0.508333 0.260185 0.03125 0.0351852
0 0.5125 0.210185 0.0166667 0.0203704
0 0.0317708 0.447222 0.0635417 0.0944444
0 0.510417 0.297222 0.0333333 0.0537037
0 0.592188 0.207407 0.0177083 0.0222222
0 0.917708 0.356481 0.05625 0.0611111
0 0.434896 0.275 0.0302083 0.05
0 0.229167 0.343519 0.0520833 0.0648148
0 0.634375 0.291667 0.0333333 0.0537037
0 0.447917 0.360185 0.0458333 0.0685185
