0 0.859375 0.185185 0.0479167 0.037037
0 0.992188 0.230556 0.015625 0.0351852
0 0.671354 0.253704 0.0427083 0.0407407
0 0.642187 0.267593 0.040625 0.0388889
0 0.607813 0.277778 0.040625 0.0444444
0 0.407292 0.350926 0.0729167 0.0685185
0 0.970312 0.219444 0.0197917 0.0240741
0 0.242188 0.421296 0.0572917 0.0722222
0 0.569792 0.293519 0.04375 0.0462963
0 0.939062 0.228704 0.021875 0.0277778
0 0.169271 0.400926 0.059375 0.0611111
0 0.279167 0.425926 0.0916667 0.0925926
0 0.527083 0.308333 0.0479167 0.0425926
0 0.805729 0.450926 0.059375 0.0944444
0 0.802604 0.361111 0.046875 0.062963
0 0.632812 0.713889 0.163542 0.198148
