0 0.609375 0.230556 0.0458333 0.0388889
0 0.304167 0.173148 0.0270833 0.0351852
0 0.175521 0.199074 0.0322917 0.0759259
0 0.0119792 0.360185 0.0239583 0.0907407
0 0.03125 0.359259 0.05 0.0888889
0 0.348958 0.187963 0.03125 0.0425926
0 0.564062 0.217593 0.0510417 0.0388889
0 0.0505208 0.271296 0.0322917 0.0537037
0 0.0395833 0.209259 0.0291667 0.0444444
0 0.657292 0.239815 0.0520833 0.05
0 0.917188 0.319444 0.107292 0.0722222
0 0.714583 0.250926 0.0666667 0.0574074
0 0.841667 0.297222 0.0833333 0.0574074
0 0.490625 0.243519 0.0625 0.0648148
0 0.713542 0.551852 0.185417 0.2
0 0.419792 0.309259 0.0708333 0.0777778
