0 0.0614583 0.422222 0.0458333 0.0740741
0 0.790104 0.368519 0.0364583 0.0481481
0 0.333333 0.294444 0.03125 0.0407407
0 0.820833 0.385185 0.0520833 0.0592593
0 0.608333 0.272222 0.0208333 0.0259259
0 0.767187 0.35 0.034375 0.0407407
0 0.852604 0.412963 0.0572917 0.0555556
0 0.294271 0.323148 0.0322917 0.0388889
0 0.944271 0.482407 0.084375 0.087037
0 0.899479 0.442593 0.0822917 0.0851852
0 0.270312 0.337963 0.0385417 0.0462963
0 0.975521 0.516667 0.0489583 0.062963
0 0.243229 0.356481 0.040625 0.0537037
0 0.985417 0.565741 0.0291667 0.087037
0 0.115625 0.448148 0.08125 0.0888889
0 0.767187 0.555556 0.0927083 0.122222
0 0.641667 0.478704 0.0645833 0.0907407
0 0.211979 0.378704 0.0510417 0.0537037
