0 0.730208 0.349074 0.152083 0.0907407
0 0.385417 0.141667 0.03125 0.0425926
0 0.482812 0.131481 0.028125 0.0444444
0 0.754167 0.171296 0.0375 0.05
0 0.515625 0.165741 0.03125 0.05
0 0.850521 0.212963 0.0489583 0.0592593
0 0.446875 0.181481 0.0354167 0.0555556
0 0.630729 0.138889 0.028125 0.0444444
0 0.648958 0.224074 0.0416667 0.062963
0 0.497917 0.217593 0.0416667 0.0722222
0 0.839063 0.285185 0.0635417 0.0814815
0 0.976562 0.348148 0.046875 0.0851852
0 0.370313 0.267593 0.0635417 0.109259
0 0.960417 0.881481 0.0791667 0.225926
0 0.684375 0.34537 0.0604167 0.0944444
0 0.772396 0.350926 0.0677083 0.0944444
0 0.850521 0.503704 0.090625 0.133333
0 0.928646 0.412037 0.096875 0.127778
0 0.185417 0.462037 0.108333 0.187037
0 0.7 0.485185 0.0854167 0.12963
0 0.45 0.374074 0.06875 0.103704
0 0.371354 0.362037 0.0697917 0.0981481
