0 0.7125 0.149074 0.0291667 0.0351852
0 0.965625 0.136111 0.0229167 0.0351852
0 0.844271 0.137037 0.0239583 0.037037
0 0.876562 0.14537 0.0260417 0.0388889
0 0.91875 0.162963 0.0270833 0.0444444
0 0.966667 0.209259 0.0333333 0.062963
0 0.797917 0.20463 0.0375 0.05
0 0.848958 0.205556 0.0375 0.0592593
0 0.553125 0.312963 0.0708333 0.0740741
0 0.513021 0.239815 0.059375 0.0648148
0 0.584375 0.238889 0.0541667 0.0555556
0 0.697396 0.332407 0.0677083 0.101852
0 0.895312 0.258333 0.040625 0.0648148
0 0.448958 0.335185 0.08125 0.0814815
0 0.698438 0.551852 0.101042 0.144444
0 0.510938 0.606481 0.144792 0.175926
