0 0.543229 0.138889 0.0239583 0.0407407
0 0.742188 0.136111 0.0260417 0.0388889
0 0.670313 0.150926 0.0260417 0.0314815
0 0.454688 0.157407 0.0260417 0.037037
0 0.7 0.200926 0.0354167 0.05
0 0.491146 0.167593 0.028125 0.0388889
0 0.76875 0.213889 0.0375 0.0648148
0 0.408333 0.156481 0.0229167 0.0351852
0 0.64375 0.197222 0.0333333 0.0537037
0 0.504167 0.133333 0.0208333 0.0296296
0 0.40625 0.208333 0.0375 0.0537037
0 0.988542 0.401852 0.0229167 0.0666667
0 0.626562 0.15 0.0239583 0.0407407
0 0.314583 0.253704 0.04375 0.0555556
0 0.717708 0.239815 0.04375 0.0611111
0 0.345313 0.305556 0.053125 0.0703704
0 0.672396 0.312037 0.0510417 0.0759259
0 0.854167 0.348148 0.06875 0.0851852
0 0.295833 0.369444 0.0645833 0.0907407
0 0.372917 0.757407 0.129167 0.233333
0 0.394792 0.362963 0.0625 0.0925926
0 0.874479 0.564815 0.103125 0.137037
0 0.7125 0.456481 0.0708333 0.109259
0 0.732292 0.662963 0.0979167 0.159259
