0 0.666667 0.246296 0.0375 0.0407407
0 0.988542 0.237037 0.0229167 0.037037
0 0.6375 0.258333 0.0375 0.0425926
0 0.978646 0.2 0.0239583 0.0333333
0 0.604167 0.269444 0.0395833 0.0388889
0 0.7375 0.261111 0.025 0.0444444
0 0.686458 0.563889 0.108333 0.175926
0 0.567708 0.286111 0.0520833 0.0462963
0 0.411458 0.339815 0.0833333 0.0722222
0 0.104687 0.935185 0.207292 0.122222
0 0.525521 0.301852 0.0510417 0.0444444
0 0.924479 0.272222 0.0322917 0.0444444
0 0.166146 0.391667 0.0614583 0.0648148
0 0.259375 0.410185 0.09375 0.0796296
0 0.859375 0.351852 0.05 0.062963
0 0.0703125 0.574074 0.140625 0.133333
0 0.844271 0.523148 0.084375 0.12037
