0 0.403646 0.0824074 0.0364583 0.0462963
0 0.977083 0.0231481 0.0375 0.0425926
0 0.288542 0.136111 0.0458333 0.0685185
0 0.36875 0.118519 0.0416667 0.0518519
0 0.388542 0.101852 0.03125 0.0518519
0 0.217708 0.237037 0.108333 0.0925926
0 0.0333333 0.435185 0.0666667 0.111111
0 0.267188 0.206481 0.0552083 0.0722222
0 0.335938 0.139815 0.0552083 0.0648148
0 0.485417 0.960185 0.1625 0.0722222
0 0.134375 0.330556 0.0770833 0.105556
0 0.0838542 0.375 0.0822917 0.0944444
0 0.7875 0.0657407 0.0416667 0.0648148
0 0.773438 0.123148 0.046875 0.0722222
0 0.473437 0.194444 0.0572917 0.0851852
0 0.426562 0.619444 0.151042 0.287037
0 0.560938 0.213889 0.0552083 0.0944444
0 0.693229 0.582407 0.126042 0.242593
