0 0.347396 0.143519 0.0364583 0.0537037
0 0.236458 0.178704 0.0458333 0.0685185
0 0.235417 0.256481 0.0520833 0.0796296
0 0.295833 0.183333 0.0604167 0.062963
0 0.713542 0.0203704 0.0208333 0.0407407
0 0.725521 0.0546296 0.028125 0.0425926
0 0.650521 0.0296296 0.0197917 0.0296296
0 0.215625 0.286111 0.0666667 0.0981481
0 0.683333 0.0611111 0.0333333 0.0444444
0 0.0734375 0.437963 0.090625 0.112963
0 0.751562 0.0981481 0.040625 0.0481481
0 0.969792 0.308333 0.0604167 0.101852
0 0.034375 0.519444 0.06875 0.175926
0 0.809375 0.153704 0.0604167 0.0777778
0 0.916667 0.344444 0.104167 0.162963
0 0.122917 0.387037 0.0895833 0.125926
0 0.173438 0.334259 0.0822917 0.109259
