0 0.0739583 0.152778 0.01875 0.0240741
0 0.617188 0.237963 0.0635417 0.0574074
0 0.469271 0.210185 0.0489583 0.0388889
0 0.940104 0.325926 0.101042 0.062963
0 0.186458 0.187037 0.025 0.037037
0 0.81875 0.294444 0.0979167 0.0666667
0 0.744271 0.277778 0.0864583 0.0555556
0 0.271354 0.197222 0.0385417 0.0425926
0 0.0723958 0.200926 0.0302083 0.0425926
0 0.471875 0.263889 0.06875 0.0574074
0 0.910417 0.469444 0.170833 0.112963
0 0.632812 0.337963 0.117708 0.0907407
0 0.420312 0.39537 0.123958 0.127778
