0 0.410937 0.171296 0.0552083 0.0388889
0 0.15625 0.306481 0.1125 0.0944444
0 0.305729 0.153704 0.034375 0.037037
0 0.839063 0.178704 0.103125 0.0611111
0 0.496354 0.118519 0.0572917 0.0407407
0 0.970312 0.181481 0.0572917 0.0740741
0 0.885417 0.282407 0.108333 0.0796296
0 0.210417 0.205556 0.0458333 0.0555556
0 0.584375 0.212963 0.0541667 0.0555556
0 0.0598958 0.280556 0.046875 0.0685185
0 0.184375 0.294444 0.0604167 0.0925926
0 0.742188 0.248148 0.0864583 0.0740741
0 0.890625 0.640741 0.21875 0.218519
0 0.341146 0.576852 0.151042 0.257407
0 0.407813 0.3 0.0822917 0.0888889
0 0.323958 0.412963 0.104167 0.122222
0 0.126042 0.337963 0.0625 0.0833333
