0 0.202083 0.281481 0.0833333 0.1
0 0.401563 0.0842593 0.034375 0.0425926
0 0.376042 0.105556 0.0541667 0.0518519
0 0.416667 0.0731481 0.025 0.0462963
0 0.253646 0.233333 0.0364583 0.0814815
0 0.179167 0.284259 0.0395833 0.0944444
0 0.98125 0.0277778 0.0375 0.0518519
0 0.216667 0.237963 0.104167 0.101852
0 0.288542 0.133333 0.04375 0.0703704
0 0.388542 0.0972222 0.0333333 0.05
0 0.761458 0.0259259 0.0333333 0.0444444
0 0.893229 0.427778 0.138542 0.240741
0 0.366667 0.117593 0.0416667 0.0537037
0 0.0328125 0.435185 0.065625 0.111111
0 0.133854 0.328704 0.0739583 0.105556
0 0.760417 0.0666667 0.0354167 0.0555556
0 0.336458 0.137963 0.05625 0.0611111
0 0.26875 0.202778 0.05 0.0722222
0 0.0828125 0.373148 0.0802083 0.0981481
0 0.473437 0.192593 0.0572917 0.0851852
0 0.534375 0.323148 0.0729167 0.127778
