0 0.292188 0.308333 0.034375 0.0425926
0 0.597396 0.247222 0.021875 0.0351852
0 0.949479 0.501852 0.0947917 0.111111
0 0.820833 0.37963 0.0354167 0.0518519
0 0.550521 0.257407 0.015625 0.0333333
0 0.767187 0.341667 0.0385417 0.0425926
0 0.479688 0.242593 0.0177083 0.0296296
0 0.267188 0.326852 0.0364583 0.0462963
0 0.596354 0.275926 0.021875 0.0444444
0 0.241667 0.34537 0.0416667 0.05
0 0.110937 0.432407 0.0802083 0.0944444
0 0.851042 0.40463 0.05625 0.0537037
0 0.940625 0.473148 0.0854167 0.0796296
0 0.00989583 0.532407 0.0197917 0.0722222
0 0.895312 0.427778 0.0802083 0.0777778
0 0.302083 0.669444 0.110417 0.183333
0 0.209896 0.366667 0.0489583 0.0555556
0 0.973958 0.522222 0.0520833 0.1
0 0.425 0.348148 0.0354167 0.0555556
0 0.389062 0.435185 0.0552083 0.107407
0 0.0427083 0.709259 0.0854167 0.140741
