0 0.942187 0.340741 0.115625 0.162963
0 0.467187 0.102778 0.0489583 0.05
0 0.846354 0.157407 0.040625 0.0444444
0 0.577083 0.0685185 0.0541667 0.0407407
0 0.131771 0.0185185 0.034375 0.0296296
0 0.284896 0.0407407 0.028125 0.0296296
0 0.102083 0.0157407 0.0208333 0.0277778
0 0.790625 0.142593 0.0458333 0.0407407
0 0.0505208 0.0537037 0.0239583 0.0481481
0 0.233854 0.0962963 0.0385417 0.0444444
0 0.769792 0.214815 0.0708333 0.0740741
0 0.1625 0.233333 0.06875 0.107407
0 0.620313 0.847222 0.246875 0.298148
