0 0.995833 0.448148 0.00833333 0.0555556
0 0.523958 0.165741 0.0270833 0.0462963
0 0.773958 0.177778 0.03125 0.0444444
0 0.735417 0.187963 0.0291667 0.0425926
0 0.689583 0.208333 0.03125 0.0462963
0 0.828646 0.234259 0.040625 0.0537037
0 0.624479 0.14537 0.021875 0.0351852
0 0.471354 0.208333 0.028125 0.0611111
0 0.632292 0.213889 0.0291667 0.0611111
0 0.663542 0.155556 0.0229167 0.037037
0 0.386458 0.251852 0.0375 0.0555556
0 0.519271 0.251852 0.034375 0.0555556
0 0.423958 0.312037 0.0458333 0.0685185
0 0.363542 0.226852 0.0354167 0.0462963
0 0.707292 0.24537 0.0375 0.0537037
0 0.775 0.244444 0.0395833 0.0555556
0 0.654688 0.317593 0.0489583 0.0833333
0 0.240625 0.608333 0.145833 0.294444
0 0.308854 0.340741 0.059375 0.0777778
0 0.928646 0.332407 0.0697917 0.0759259
0 0.398438 0.369444 0.0572917 0.0907407
0 0.913542 0.417593 0.0833333 0.12037
0 0.0260417 0.82037 0.0520833 0.162963
0 0.466146 0.376852 0.0614583 0.109259
0 0.973437 0.87963 0.053125 0.177778
0 0.759375 0.711111 0.108333 0.174074
0 0.336458 0.814815 0.141667 0.27037
