0 0.640625 0.231481 0.0229167 0.037037
0 0.492188 0.2 0.0135417 0.0222222
0 0.527604 0.198148 0.0197917 0.0185185
0 0.878646 0.333333 0.0385417 0.0518519
0 0.592188 0.203704 0.015625 0.0259259
0 0.506771 0.217593 0.0177083 0.0240741
0 0.078125 0.632407 0.09375 0.112963
0 0.659375 0.272222 0.0354167 0.0518519
0 0.956771 0.384259 0.0614583 0.0648148
0 0.984375 0.405556 0.03125 0.0703704
0 0.475 0.288889 0.0333333 0.0555556
0 0.915104 0.352778 0.0552083 0.0611111
0 0.610937 0.321296 0.0385417 0.0648148
0 0.689583 0.321296 0.0458333 0.0574074
0 0.227604 0.341667 0.0510417 0.0611111
0 0.375 0.630556 0.102083 0.17963
0 0.345313 0.512037 0.084375 0.124074
0 0.916667 0.853704 0.166667 0.251852
