0 0.467708 0.166667 0.0729167 0.0481481
0 0.009375 0.269444 0.01875 0.0351852
0 0.13125 0.251852 0.0520833 0.0555556
0 0.508333 0.0842593 0.0166667 0.0277778
0 0.821354 0.175 0.034375 0.0462963
0 0.859896 0.205556 0.034375 0.0592593
0 0.426562 0.213889 0.040625 0.0574074
0 0.795313 0.160185 0.0385417 0.05
0 0.46875 0.113889 0.0229167 0.0462963
0 0.978125 0.290741 0.04375 0.0888889
0 0.395312 0.199074 0.034375 0.0537037
0 0.424479 0.128704 0.0260417 0.0388889
0 0.484896 0.172222 0.034375 0.0555556
0 0.441667 0.159259 0.0291667 0.0481481
0 0.361458 0.247222 0.0333333 0.0685185
0 0.173438 0.308333 0.0697917 0.0833333
0 0.0458333 0.249074 0.04375 0.0648148
0 0.482812 0.227778 0.0447917 0.0666667
0 0.423438 0.261111 0.0489583 0.0740741
0 0.884375 0.221296 0.05 0.0796296
0 0.957812 0.239815 0.0822917 0.0648148
0 0.458854 0.344444 0.065625 0.0962963
0 0.713542 0.478704 0.0916667 0.131481
0 0.354167 0.401852 0.0770833 0.114815
0 0.388542 0.706481 0.122917 0.227778
