0 0.470313 0.105556 0.0260417 0.037037
0 0.915104 0.213889 0.119792 0.0722222
0 0.548958 0.0685185 0.0229167 0.0407407
0 0.591146 0.123148 0.0260417 0.0388889
0 0.494271 0.150926 0.028125 0.0537037
0 0.795313 0.148148 0.0364583 0.0481481
0 0.135937 0.240741 0.0572917 0.062963
0 0.400521 0.174074 0.034375 0.0666667
0 0.366667 0.216667 0.04375 0.0740741
0 0.0447917 0.236111 0.0375 0.0611111
0 0.466667 0.185185 0.0354167 0.0555556
0 0.979688 0.275 0.040625 0.087037
0 0.642708 0.331481 0.0645833 0.114815
0 0.426562 0.225926 0.0447917 0.0740741
0 0.311458 0.251852 0.05625 0.0740741
0 0.579687 0.217593 0.040625 0.0611111
0 0.885938 0.209259 0.0510417 0.0740741
0 0.958333 0.227778 0.08125 0.062963
0 0.269792 0.940741 0.185417 0.114815
0 0.282813 0.337037 0.071875 0.103704
0 0.333854 0.575 0.111458 0.183333
0 0.233333 0.480556 0.0895833 0.146296
