0 0.859375 0.183333 0.0395833 0.0333333
0 0.658333 0.260185 0.0645833 0.0425926
0 0.96875 0.163889 0.0145833 0.0203704
0 0.672917 0.252778 0.0395833 0.0425926
0 0.643229 0.264815 0.034375 0.0407407
0 0.411979 0.347222 0.071875 0.0685185
0 0.609896 0.278704 0.040625 0.0425926
0 0.572917 0.293519 0.0458333 0.0462963
0 0.956771 0.275926 0.040625 0.0592593
0 0.903646 0.401852 0.0614583 0.0851852
0 0.53125 0.308333 0.05 0.0462963
0 0.350521 0.384259 0.0822917 0.0796296
0 0.902083 0.333333 0.05 0.0592593
0 0.172917 0.401852 0.0604167 0.062963
0 0.265625 0.418519 0.0958333 0.0777778
0 0.502083 0.868519 0.23125 0.259259
