0 0.307813 0.309259 0.0260417 0.0444444
0 0.0536458 0.398148 0.0510417 0.0444444
0 0.782292 0.362037 0.0354167 0.0537037
0 0.0619792 0.42037 0.0510417 0.0740741
0 0.822396 0.389815 0.040625 0.05
0 0.292188 0.322222 0.0322917 0.0407407
0 0.942187 0.482407 0.0864583 0.0833333
0 0.898438 0.440741 0.084375 0.0888889
0 0.26875 0.338889 0.0395833 0.0481481
0 0.851562 0.413889 0.0572917 0.0574074
0 0.242708 0.357407 0.0416667 0.0518519
0 0.0114583 0.542593 0.0229167 0.0703704
0 0.984896 0.567593 0.0302083 0.0907407
0 0.975 0.516667 0.05 0.0666667
0 0.110937 0.448148 0.084375 0.0925926
0 0.480208 0.259259 0.0166667 0.0259259
0 0.480208 0.347222 0.0291667 0.05
0 0.621354 0.385185 0.040625 0.0555556
0 0.411458 0.382407 0.0416667 0.0611111
0 0.211458 0.378704 0.05 0.0537037
