0 0.89375 0.110185 0.0208333 0.0351852
0 0.907812 0.0712963 0.015625 0.0277778
0 0.935938 0.0787037 0.0177083 0.0277778
0 0.878646 0.139815 0.0239583 0.0388889
0 0.713021 0.316667 0.0572917 0.1
0 0.693229 0.149074 0.0322917 0.0425926
0 0.828646 0.138889 0.0302083 0.0481481
0 0.0963542 0.463889 0.171875 0.216667
0 0.976042 0.198148 0.0354167 0.0555556
0 0.636458 0.228704 0.0479167 0.0537037
0 0.842188 0.215741 0.040625 0.0574074
0 0.596875 0.219444 0.0520833 0.0574074
0 0.766146 0.235185 0.0489583 0.0666667
0 0.961458 0.432407 0.06875 0.116667
0 0.838021 0.509259 0.0822917 0.133333
0 0.100521 0.705556 0.198958 0.225926
0 0.439063 0.338889 0.0822917 0.0851852
