0 0.548437 0.233333 0.0135417 0.0185185
0 0.46875 0.249074 0.03125 0.0314815
0 0.780208 0.373148 0.04375 0.05
0 0.766146 0.358333 0.0385417 0.0648148
0 0.0515625 0.393519 0.0489583 0.0462963
0 0.820312 0.387037 0.0364583 0.0481481
0 0.478125 0.239815 0.0145833 0.0240741
0 0.293229 0.316667 0.034375 0.0444444
0 0.461979 0.255556 0.0177083 0.0296296
0 0.599479 0.263889 0.0177083 0.0388889
0 0.267708 0.333333 0.0354167 0.0444444
0 0.0104167 0.537963 0.0208333 0.0722222
0 0.851042 0.409259 0.0583333 0.0555556
0 0.1125 0.438889 0.0791667 0.0888889
0 0.895833 0.437037 0.08125 0.0814815
0 0.940104 0.478704 0.084375 0.0833333
0 0.240104 0.351852 0.0447917 0.0518519
0 0.452604 0.306481 0.0239583 0.0388889
0 0.973958 0.525926 0.0520833 0.1
0 0.210417 0.373148 0.05 0.0537037
0 0.395833 0.451852 0.0583333 0.103704
