0 0.519792 0.259259 0.0833333 0.1
0 0.605729 0.198148 0.0885417 0.0814815
0 0.726562 0.232407 0.115625 0.0944444
0 0.300521 0.27963 0.0739583 0.103704
0 0.915625 0.290741 0.166667 0.137037
0 0.836979 0.5 0.182292 0.214815
0 0.952604 0.477778 0.0947917 0.181481
0 0.808854 0.388889 0.165625 0.114815
0 0.632812 0.321296 0.132292 0.112963
0 0.361979 0.334259 0.0760417 0.101852
0 0.966146 0.641667 0.0677083 0.153704
0 0.651563 0.427778 0.165625 0.148148
0 0.438021 0.393519 0.115625 0.127778
0 0.594792 0.511111 0.158333 0.174074
0 0.826563 0.676852 0.278125 0.335185
