0 0.700521 0.137963 0.0260417 0.0425926
0 0.659375 0.143519 0.025 0.0314815
0 0.433333 0.176852 0.025 0.05
0 0.457812 0.15463 0.021875 0.0314815
0 0.646875 0.186111 0.0291667 0.0462963
0 0.478125 0.180556 0.0291667 0.0425926
0 0.738021 0.2 0.0385417 0.0592593
0 0.61875 0.156481 0.0291667 0.0425926
0 0.689062 0.212037 0.0364583 0.0537037
0 0.647917 0.250926 0.0375 0.0574074
0 0.513021 0.201852 0.034375 0.062963
0 0.820833 0.294444 0.0541667 0.062963
0 0.664062 0.299074 0.046875 0.0722222
0 0.867708 0.374074 0.06875 0.0962963
0 0.730729 0.280556 0.0489583 0.0685185
0 0.357292 0.330556 0.0541667 0.0722222
0 0.489583 0.328704 0.0479167 0.0796296
0 0.0276042 0.6 0.0552083 0.155556
0 0.232812 0.431481 0.0822917 0.12963
0 0.236458 0.330556 0.0666667 0.087037
0 0.684375 0.442593 0.0708333 0.107407
