0 0.921875 0.00833333 0.01875 0.0166667
0 0.740625 0.0194444 0.01875 0.0240741
0 0.702083 0.0712963 0.0333333 0.0574074
0 0.829687 0.0703704 0.0302083 0.0481481
0 0.876562 0.0296296 0.0239583 0.0333333
0 0.990625 0.0666667 0.01875 0.0444444
0 0.830729 0.115741 0.040625 0.05
0 0.882812 0.0777778 0.0322917 0.0444444
0 0.927604 0.110185 0.034375 0.0537037
0 0.545833 0.131481 0.05 0.062963
0 0.653646 0.157407 0.0489583 0.0592593
0 0.966146 0.144444 0.0385417 0.062963
0 0.979167 0.533333 0.0416667 0.17037
0 0.542188 0.191667 0.0552083 0.0722222
0 0.701042 0.292593 0.0708333 0.0888889
0 0.325521 0.305556 0.103125 0.0962963
0 0.0421875 0.453704 0.084375 0.118519
