0 0.68125 0.106481 0.04375 0.0425926
0 0.877083 0.0777778 0.0520833 0.0518519
0 0.275521 0.134259 0.0302083 0.0351852
0 0.109896 0.209259 0.0739583 0.0518519
0 0.504687 0.0518519 0.0427083 0.037037
0 0.160938 0.193519 0.0489583 0.0314815
0 0.408854 0.344444 0.0572917 0.0592593
0 0.223958 0.164815 0.05 0.0407407
0 0.456771 0.0712963 0.046875 0.0388889
0 0.0317708 0.212963 0.0572917 0.0481481
0 0.348437 0.115741 0.040625 0.0425926
0 0.0197917 0.239815 0.0395833 0.0462963
0 0.184375 0.156481 0.0479167 0.05
0 0.39375 0.0962963 0.0583333 0.0407407
0 0.940625 0.258333 0.102083 0.138889
0 0.591667 0.353704 0.139583 0.12963
0 0.661979 0.14537 0.053125 0.0611111
0 0.796354 0.294444 0.0989583 0.1
