0 0.0380208 0.0518519 0.0302083 0.0481481
0 0.419792 0.0759259 0.04375 0.0481481
0 0.0744792 0.0981481 0.0385417 0.0518519
0 0.0536458 0.162037 0.0552083 0.109259
0 0.341667 0.075 0.0416667 0.0462963
0 0.49375 0.20463 0.0770833 0.0611111
0 0.166146 0.106481 0.0447917 0.0648148
0 0.252083 0.178704 0.0625 0.0981481
0 0.935417 0.436111 0.129167 0.124074
0 0.448438 0.114815 0.0552083 0.0518519
0 0.935938 0.386111 0.128125 0.116667
0 0.167187 0.192593 0.0510417 0.0740741
0 0.597396 0.141667 0.0614583 0.0611111
0 0.9125 0.29537 0.13125 0.0981481
0 0.0161458 0.280556 0.0322917 0.0944444
0 0.160938 0.875 0.182292 0.246296
0 0.220313 0.55463 0.105208 0.17963
0 0.618229 0.75 0.186458 0.266667
