0 0.9125 0.101852 0.025 0.0444444
0 0.829687 0.0990741 0.0302083 0.0425926
0 0.620833 0.198148 0.0541667 0.062963
0 0.650521 0.127778 0.0427083 0.062963
0 0.599479 0.137963 0.0447917 0.0574074
0 0.928646 0.0675926 0.0260417 0.0425926
0 0.969271 0.127778 0.0302083 0.0592593
0 0.861979 0.111111 0.0364583 0.0518519
0 0.902083 0.159259 0.0354167 0.0666667
0 0.782292 0.151852 0.0375 0.0481481
0 0.533854 0.152778 0.0427083 0.0425926
0 0.448958 0.205556 0.0541667 0.0592593
0 0.0135417 0.702778 0.0270833 0.105556
0 0.972917 0.327778 0.0541667 0.125926
0 0.515104 0.230556 0.065625 0.0759259
0 0.447396 0.333333 0.0989583 0.107407
0 0.745313 0.742593 0.138542 0.259259
0 0.194271 0.353704 0.109375 0.107407
