0 0.0479167 0.194444 0.0395833 0.0666667
0 0.826563 0.115741 0.0239583 0.0425926
0 0.796875 0.0990741 0.0333333 0.0462963
0 0.466667 0.0444444 0.0229167 0.037037
0 0.863542 0.141667 0.0291667 0.0611111
0 0.445312 0.123148 0.0322917 0.0537037
0 0.466667 0.159259 0.0375 0.062963
0 0.01875 0.284259 0.0375 0.0907407
0 0.472917 0.212037 0.05 0.101852
0 0.635938 0.125 0.0385417 0.0648148
0 0.303125 0.216667 0.08125 0.0777778
0 0.889063 0.162037 0.0510417 0.0796296
0 0.980729 0.227778 0.0385417 0.0851852
0 0.280729 0.352778 0.0677083 0.109259
0 0.960938 0.17963 0.078125 0.062963
0 0.294271 0.478704 0.115625 0.164815
0 0.361979 0.783333 0.153125 0.288889
0 0.182812 0.722222 0.161458 0.255556
