0 0.333854 0.301852 0.0385417 0.0555556
0 0.253646 0.298148 0.028125 0.0407407
0 0.977083 0.292593 0.0458333 0.037037
0 0.328125 0.360185 0.08125 0.0944444
0 0.248437 0.346296 0.046875 0.0555556
0 0.334375 0.318519 0.0333333 0.037037
0 0.334375 0.269444 0.0416667 0.05
0 0.573958 0.211111 0.01875 0.0259259
0 0.511458 0.278704 0.025 0.0462963
0 0.281771 0.30463 0.034375 0.0574074
0 0.447917 0.284259 0.025 0.0462963
0 0.484896 0.263889 0.021875 0.0314815
0 0.455729 0.334259 0.0385417 0.0574074
0 0.436979 0.712963 0.0989583 0.211111
