0 0.229167 0.221296 0.03125 0.0351852
0 0.539583 0.253704 0.0520833 0.0481481
0 0.447396 0.235185 0.0489583 0.0407407
0 0.0885417 0.951852 0.177083 0.0888889
0 0.214062 0.25 0.0364583 0.0444444
0 0.796354 0.317593 0.096875 0.0685185
0 0.0947917 0.228704 0.03125 0.0351852
0 0.598958 0.262963 0.0708333 0.0592593
0 0.980729 0.682407 0.0385417 0.183333
0 0.911979 0.348148 0.096875 0.0666667
0 0.271875 0.253704 0.0479167 0.037037
0 0.722396 0.299074 0.0864583 0.0574074
0 0.403646 0.29537 0.065625 0.0537037
0 0.185937 0.313889 0.0572917 0.0648148
0 0.861979 0.442593 0.146875 0.111111
0 0.575 0.547222 0.166667 0.168519
0 0.426562 0.417593 0.103125 0.109259
