0 0.394792 0.159259 0.025 0.0444444
0 0.402604 0.2 0.028125 0.0555556
0 0.436458 0.162963 0.0270833 0.0407407
0 0.453125 0.137963 0.0208333 0.0314815
0 0.68125 0.114815 0.0208333 0.0333333
0 0.529167 0.151852 0.025 0.037037
0 0.45625 0.221296 0.0333333 0.0685185
0 0.651042 0.121296 0.0229167 0.0425926
0 0.490104 0.151852 0.021875 0.0333333
0 0.745833 0.14537 0.0291667 0.0425926
0 0.421875 0.266667 0.0520833 0.107407
0 0.18125 0.377778 0.0666667 0.114815
0 0.518229 0.199074 0.0322917 0.05
0 0.617708 0.146296 0.0270833 0.037037
0 0.0270833 0.575 0.0541667 0.157407
0 0.679688 0.178704 0.0322917 0.05
0 0.639583 0.247222 0.0395833 0.0611111
0 0.116667 0.597222 0.110417 0.17963
0 0.491667 0.287037 0.0458333 0.0703704
0 0.289062 0.375926 0.0635417 0.0888889
0 0.346354 0.409259 0.0760417 0.118519
0 0.23125 0.7 0.122917 0.196296
