0 0.548958 0.0703704 0.0229167 0.0333333
0 0.691667 0.0759259 0.0229167 0.0333333
0 0.716146 0.0592593 0.021875 0.037037
0 0.655729 0.0962963 0.0239583 0.0333333
0 0.0317708 0.626852 0.0635417 0.209259
0 0.484896 0.123148 0.028125 0.0425926
0 0.53125 0.117593 0.025 0.0537037
0 0.814062 0.164815 0.040625 0.0555556
0 0.627604 0.107407 0.0239583 0.037037
0 0.382292 0.136111 0.03125 0.0388889
0 0.413542 0.166667 0.0354167 0.0481481
0 0.857813 0.30463 0.078125 0.112963
0 0.065625 0.873148 0.13125 0.242593
0 0.513021 0.152778 0.0302083 0.05
0 0.653646 0.200926 0.0364583 0.0722222
0 0.367708 0.218519 0.04375 0.0592593
0 0.483854 0.259259 0.0510417 0.0925926
0 0.675521 0.323148 0.0635417 0.105556
0 0.742708 0.250926 0.0479167 0.0722222
0 0.393229 0.540741 0.090625 0.151852
0 0.366667 0.335185 0.0666667 0.103704
0 0.855208 0.484259 0.0958333 0.124074
