0 0.336458 0.252778 0.120833 0.0796296
0 0.401563 0.125 0.0302083 0.0611111
0 0.159896 0.213889 0.065625 0.0611111
0 0.046875 0.201852 0.0416667 0.0666667
0 0.827083 0.125926 0.025 0.0444444
0 0.472396 0.0564815 0.021875 0.0351852
0 0.861979 0.141667 0.0322917 0.0574074
0 0.799479 0.110185 0.040625 0.0537037
0 0.506771 0.0490741 0.021875 0.0425926
0 0.14375 0.257407 0.06875 0.0851852
0 0.463021 0.187037 0.0447917 0.0703704
0 0.980729 0.247222 0.0385417 0.105556
0 0.370833 0.258333 0.0604167 0.0759259
0 0.413021 0.224074 0.053125 0.0740741
0 0.301562 0.242593 0.0510417 0.0851852
0 0.8875 0.169444 0.0520833 0.0759259
0 0.361979 0.365741 0.0885417 0.153704
0 0.276563 0.326852 0.0635417 0.116667
0 0.959375 0.188889 0.0791667 0.0666667
0 0.197917 0.671296 0.15 0.238889
0 0.322917 0.831481 0.16875 0.303704
