0 0.369792 0.0574074 0.0291667 0.0444444
0 0.305729 0.0685185 0.0385417 0.0518519
0 0.301042 0.128704 0.0520833 0.0611111
0 0.879687 0.0277778 0.0447917 0.0518519
0 0.45 0.012037 0.0208333 0.0240741
0 0.0401042 0.493519 0.0802083 0.183333
0 0.289583 0.150926 0.04375 0.0685185
0 0.9875 0.0851852 0.025 0.0481481
0 0.983854 0.0240741 0.0322917 0.0481481
0 0.192708 0.263889 0.0666667 0.0944444
0 0.94375 0.0240741 0.04375 0.0444444
0 0.260938 0.182407 0.0614583 0.0759259
0 0.413021 0.0833333 0.0739583 0.0518519
0 0.967188 0.0703704 0.053125 0.0555556
0 0.227604 0.223148 0.0635417 0.087037
0 0.144792 0.318519 0.09375 0.125926
