0 0.443229 0.109259 0.0197917 0.0259259
0 0.483854 0.100926 0.0197917 0.0351852
0 0.534896 0.0981481 0.0197917 0.0296296
0 0.604688 0.1 0.0197917 0.0333333
0 0.764063 0.208333 0.040625 0.0574074
0 0.653646 0.126852 0.0260417 0.0425926
0 0.514063 0.212963 0.0364583 0.0555556
0 0.680208 0.177778 0.0333333 0.0444444
0 0.417708 0.164815 0.0291667 0.037037
0 0.279687 0.275 0.0489583 0.0611111
0 0.461979 0.214815 0.034375 0.0518519
0 0.617708 0.138889 0.025 0.037037
0 0.946875 0.325 0.075 0.101852
0 0.635938 0.207407 0.0385417 0.0703704
0 0.0838542 0.612963 0.138542 0.218519
0 0.694271 0.480556 0.0739583 0.116667
0 0.0208333 0.576852 0.0416667 0.12037
0 0.247396 0.57963 0.123958 0.244444
0 0.921875 0.440741 0.09375 0.107407
0 0.817708 0.903704 0.16875 0.188889
0 0.269792 0.394444 0.0729167 0.107407
0 0.870833 0.562037 0.0958333 0.127778
