0 0.539583 0.234259 0.025 0.0537037
0 0.447396 0.297222 0.0322917 0.05
0 0.785417 0.35 0.0291667 0.0481481
0 0.266667 0.325 0.0375 0.0462963
0 0.616146 0.300926 0.0302083 0.05
0 0.240104 0.341667 0.0427083 0.0537037
0 0.864583 0.424074 0.0520833 0.0814815
0 0.81875 0.375926 0.04375 0.0555556
0 0.764063 0.338889 0.034375 0.0407407
0 0.851042 0.403704 0.05625 0.0592593
0 0.890104 0.427778 0.090625 0.0851852
0 0.4375 0.412963 0.0520833 0.111111
0 0.590625 0.262963 0.0208333 0.0481481
0 0.441146 0.321296 0.0302083 0.0574074
0 0.111979 0.42963 0.0822917 0.0925926
0 0.558854 0.275 0.0177083 0.0351852
0 0.0104167 0.527778 0.0208333 0.0703704
0 0.453646 0.285185 0.0239583 0.037037
0 0.209375 0.362963 0.05 0.0555556
0 0.941146 0.468519 0.0885417 0.0851852
0 0.406771 0.362963 0.0385417 0.0592593
0 0.974479 0.519444 0.0510417 0.0981481
0 0.278646 0.498148 0.0864583 0.107407
0 0.259896 0.866667 0.169792 0.262963
