0 0.109375 0.172222 0.04375 0.114815
0 0.394271 0.272222 0.188542 0.222222
0 0.245312 0.273148 0.0427083 0.0685185
0 0.517708 0.284259 0.0833333 0.0981481
0 0.707812 0.247222 0.119792 0.109259
0 0.3 0.30463 0.075 0.105556
0 0.950521 0.509259 0.0989583 0.17037
0 0.908333 0.323148 0.147917 0.135185
0 0.804167 0.416667 0.164583 0.118519
0 0.628646 0.34537 0.126042 0.116667
0 0.963542 0.667593 0.0708333 0.153704
0 0.833854 0.530556 0.180208 0.22037
0 0.359896 0.358333 0.0760417 0.105556
0 0.648438 0.452778 0.167708 0.146296
0 0.434896 0.419444 0.113542 0.131481
0 0.591146 0.533333 0.159375 0.177778
0 0.826563 0.702778 0.276042 0.338889
