0 0.225521 0.087963 0.034375 0.0648148
0 0.866667 0.087963 0.03125 0.0574074
0 0.138542 0.152778 0.05 0.0574074
0 0.631771 0.012037 0.0364583 0.0240741
0 0.426042 0.0842593 0.0375 0.0611111
0 0.979167 0.669444 0.0416667 0.153704
0 0.594792 0.0175926 0.025 0.0351852
0 0.475 0.0138889 0.0208333 0.0277778
0 0.0494792 0.146296 0.0364583 0.062963
0 0.495313 0.037037 0.0260417 0.0555556
0 0.568229 0.0277778 0.0302083 0.0481481
0 0.893229 0.112037 0.053125 0.0796296
0 0.983333 0.188889 0.03125 0.103704
0 0.609375 0.0601852 0.03125 0.0537037
0 0.418229 0.114815 0.0447917 0.062963
0 0.283333 0.178704 0.0791667 0.0981481
0 0.572396 0.0944444 0.0364583 0.0592593
0 0.0208333 0.238889 0.0416667 0.0925926
0 0.961979 0.130556 0.071875 0.0685185
0 0.671354 0.162963 0.0510417 0.0740741
0 0.591146 0.198148 0.0552083 0.0888889
0 0.690625 0.34537 0.0895833 0.131481
