0 0.739062 0.0407407 0.021875 0.0222222
0 0.674479 0.0898148 0.0302083 0.0351852
0 0.926562 0.0305556 0.0177083 0.0277778
0 0.735937 0.0916667 0.028125 0.0351852
0 0.661979 0.118519 0.0364583 0.0444444
0 0.832812 0.0787037 0.0260417 0.0351852
0 0.716146 0.0611111 0.0260417 0.0296296
0 0.0171875 0.487037 0.034375 0.0814815
0 0.883854 0.075 0.0260417 0.0351852
0 0.410937 0.24537 0.0739583 0.0833333
0 0.839063 0.135185 0.0322917 0.0481481
0 0.957292 0.109259 0.0291667 0.0444444
0 0.605729 0.203704 0.053125 0.0592593
0 0.908333 0.116667 0.03125 0.0518519
0 0.401042 0.306481 0.0895833 0.112963
0 0.508333 0.160185 0.0479167 0.05
0 0.558854 0.187963 0.053125 0.0648148
0 0.960417 0.292593 0.05625 0.0925926
0 0.209375 0.887963 0.260417 0.22037
0 0.327604 0.267593 0.0760417 0.0759259
0 0.610937 0.391667 0.090625 0.109259
0 0.511979 0.805556 0.188542 0.277778
