0 0.301562 0.201852 0.059375 0.062963
0 0.366146 0.146296 0.0364583 0.0518519
0 0.352083 0.164815 0.0375 0.0592593
0 0.761458 0.0768519 0.0291667 0.0425926
0 0.952083 0.133333 0.0541667 0.0555556
0 0.241146 0.199074 0.0489583 0.0722222
0 0.583854 0.0148148 0.0177083 0.0259259
0 0.567187 0.0305556 0.015625 0.0277778
0 0.332292 0.183333 0.0375 0.0592593
0 0.734375 0.0925926 0.03125 0.0481481
0 0.240625 0.276852 0.05 0.087037
0 0.698958 0.0675926 0.0291667 0.0425926
0 0.777604 0.136111 0.0427083 0.0574074
0 0.570312 0.0768519 0.0260417 0.0388889
0 0.219792 0.311111 0.0708333 0.0925926
0 0.808333 0.182407 0.0520833 0.087037
0 0.920313 0.261111 0.0864583 0.114815
0 0.635938 0.127778 0.0322917 0.0555556
0 0.566146 0.125926 0.0322917 0.0481481
0 0.0354167 0.541667 0.0708333 0.17963
0 0.0770833 0.467593 0.0895833 0.131481
0 0.126563 0.407407 0.090625 0.125926
0 0.870313 0.164815 0.0510417 0.0666667
0 0.177604 0.357407 0.0802083 0.111111
0 0.669271 0.446296 0.0927083 0.148148
