0 0.930729 0.180556 0.134375 0.0722222
0 0.180729 0.209259 0.059375 0.062963
0 0.826042 0.128704 0.0270833 0.0388889
0 0.472917 0.0574074 0.0208333 0.0259259
0 0.507812 0.05 0.0197917 0.0296296
0 0.408333 0.115741 0.0291667 0.0537037
0 0.0479167 0.205556 0.0416667 0.062963
0 0.798437 0.112037 0.0364583 0.05
0 0.863021 0.156481 0.0302083 0.0574074
0 0.158333 0.252778 0.0645833 0.0907407
0 0.304688 0.237963 0.0510417 0.087037
0 0.98125 0.247222 0.0375 0.101852
0 0.377604 0.252778 0.059375 0.0796296
0 0.45625 0.177778 0.04375 0.0666667
0 0.889063 0.174074 0.0510417 0.0777778
0 0.416667 0.216667 0.05 0.0740741
0 0.275521 0.316667 0.0635417 0.107407
0 0.383333 0.328704 0.0770833 0.135185
0 0.959896 0.192593 0.078125 0.0666667
0 0.257812 0.556481 0.121875 0.183333
0 0.357292 0.685185 0.135417 0.237037
