0 0.990625 0.478704 0.01875 0.105556
0 0.790625 0.075 0.0395833 0.0537037
0 0.632292 0.0240741 0.0270833 0.0444444
0 0.250521 0.150926 0.046875 0.0574074
0 0.65 0.112037 0.04375 0.0833333
0 0.594792 0.0592593 0.03125 0.0481481
0 0.605729 0.146296 0.0489583 0.0814815
0 0.826563 0.133333 0.0552083 0.0666667
0 0.23125 0.268519 0.0708333 0.0925926
0 0.0177083 0.710185 0.0354167 0.135185
0 0.688542 0.160185 0.05 0.101852
0 0.614583 0.209259 0.05625 0.114815
0 0.0890625 0.424074 0.090625 0.133333
0 0.948438 0.238889 0.0802083 0.0962963
0 0.189583 0.312963 0.08125 0.111111
0 0.138542 0.363889 0.0916667 0.124074
0 0.0427083 0.499074 0.0854167 0.172222
0 0.555729 0.188889 0.053125 0.0851852
0 0.755208 0.310185 0.09375 0.161111
0 0.577604 0.274074 0.0572917 0.1
0 0.641667 0.330556 0.0791667 0.131481
0 0.822917 0.538889 0.133333 0.218519
