0 0.958854 0.168519 0.0135417 0.0222222
0 0.965625 0.273148 0.0333333 0.0685185
0 0.671354 0.249074 0.034375 0.0425926
0 0.936458 0.178704 0.0125 0.0203704
0 0.643229 0.261111 0.0322917 0.037037
0 0.4125 0.34537 0.0729167 0.0685185
0 0.990104 0.231481 0.0197917 0.0444444
0 0.609896 0.275 0.040625 0.0425926
0 0.573958 0.290741 0.0479167 0.0481481
0 0.883854 0.406481 0.0635417 0.0907407
0 0.532292 0.305556 0.0520833 0.0444444
0 0.173958 0.4 0.0604167 0.062963
0 0.355208 0.37963 0.075 0.0777778
0 0.267188 0.416667 0.096875 0.0777778
