0 0.685938 0.112963 0.021875 0.0333333
0 0.642187 0.107407 0.0197917 0.0296296
0 0.831771 0.219444 0.0489583 0.0722222
0 0.610937 0.112037 0.0197917 0.0425926
0 0.494271 0.134259 0.0239583 0.0314815
0 0.533854 0.118519 0.021875 0.0333333
0 0.658854 0.136111 0.0260417 0.0462963
0 0.520312 0.193519 0.034375 0.0574074
0 0.6375 0.22963 0.0354167 0.0518519
0 0.69375 0.211111 0.0375 0.0518519
0 0.763542 0.246296 0.0458333 0.062963
0 0.440625 0.250926 0.0416667 0.0574074
0 0.682292 0.394444 0.0604167 0.0962963
0 0.773438 0.357407 0.0697917 0.0888889
0 0.289583 0.348148 0.0604167 0.0814815
0 0.369271 0.675926 0.109375 0.2
0 0.341146 0.438889 0.0822917 0.155556
0 0.0828125 0.912963 0.165625 0.17037
