0 0.635938 0.121296 0.0197917 0.0314815
0 0.530208 0.147222 0.025 0.0351852
0 0.398958 0.15 0.03125 0.0592593
0 0.691146 0.112037 0.0197917 0.0314815
0 0.451042 0.134259 0.0208333 0.0314815
0 0.483333 0.160185 0.0270833 0.0425926
0 0.323438 0.241667 0.0427083 0.0648148
0 0.514583 0.184259 0.0270833 0.0388889
0 0.605729 0.171296 0.0260417 0.0351852
0 0.833333 0.237963 0.0458333 0.0611111
0 0.775 0.263889 0.0458333 0.0611111
0 0.628646 0.22963 0.0385417 0.0518519
0 0.981771 0.900926 0.0364583 0.168519
0 0.421875 0.275926 0.0458333 0.0666667
0 0.792188 0.456481 0.0739583 0.105556
0 0.119792 0.565741 0.125 0.183333
0 0.455729 0.361111 0.0552083 0.0851852
0 0.794792 0.880556 0.15625 0.227778
0 0.415104 0.618519 0.0989583 0.166667
0 0.321875 0.494444 0.0854167 0.125926
0 0.147396 0.883333 0.176042 0.22963
