0 0.505729 0.277778 0.0635417 0.0592593
0 0.817187 0.183333 0.071875 0.0851852
0 0.668229 0.264815 0.0822917 0.0777778
0 0.596354 0.348148 0.146875 0.140741
0 0.759896 0.075 0.046875 0.0462963
0 0.95625 0.206481 0.075 0.0796296
0 0.26875 0.140741 0.06875 0.0518519
0 0.773958 0.284259 0.114583 0.15
0 0.440104 0.262963 0.0822917 0.0777778
0 0.0578125 0.225 0.0760417 0.0722222
0 0.957292 0.271296 0.0854167 0.116667
0 0.0515625 0.627778 0.103125 0.122222
0 0.433854 0.600926 0.184375 0.168519
0 0.442187 0.8 0.226042 0.240741
0 0.709896 0.483333 0.144792 0.155556
