0 0.317708 0.173148 0.0583333 0.0611111
0 0.558854 0.0175926 0.0197917 0.0314815
0 0.775 0.0796296 0.0520833 0.0666667
0 0.246354 0.176852 0.0510417 0.0722222
0 0.354688 0.142593 0.0322917 0.0555556
0 0.340625 0.155556 0.04375 0.0592593
0 0.698958 0.0287037 0.0208333 0.0314815
0 0.585938 0.0296296 0.0239583 0.0407407
0 0.678646 0.0425926 0.0239583 0.0518519
0 0.726562 0.0564815 0.034375 0.0574074
0 0.791146 0.0583333 0.0364583 0.05
0 0.54375 0.0324074 0.0208333 0.0314815
0 0.617188 0.0222222 0.0197917 0.0296296
0 0.245833 0.250926 0.05 0.0833333
0 0.336979 0.324074 0.0260417 0.111111
0 0.223958 0.281481 0.0708333 0.0851852
0 0.768229 0.0972222 0.040625 0.0574074
0 0.131771 0.378704 0.090625 0.112963
0 0.883333 0.115741 0.0645833 0.0648148
0 0.0828125 0.448148 0.090625 0.137037
0 0.821875 0.134259 0.05625 0.0796296
0 0.18125 0.333333 0.08125 0.111111
0 0.604167 0.109259 0.0333333 0.0555556
0 0.660417 0.155556 0.04375 0.0740741
0 0.0401042 0.517593 0.0802083 0.172222
0 0.167187 0.474074 0.117708 0.155556
