0 0.619792 0.087963 0.03125 0.0462963
0 0.307292 0.158333 0.0270833 0.0425926
0 0.0567708 0.283333 0.0635417 0.062963
0 0.265104 0.200926 0.0364583 0.0611111
0 0.567708 0.062037 0.01875 0.0277778
0 0.948438 0.157407 0.071875 0.0592593
0 0.939062 0.203704 0.0635417 0.0666667
0 0.857813 0.156481 0.053125 0.0574074
0 0.607813 0.0953704 0.0239583 0.0351852
0 0.627083 0.0777778 0.0166667 0.0296296
0 0.244792 0.209259 0.0520833 0.0555556
0 0.286979 0.175926 0.0322917 0.0444444
0 0.970312 0.227778 0.059375 0.0740741
0 0.627083 0.123148 0.025 0.0388889
0 0.6625 0.173148 0.0375 0.0574074
0 0.584375 0.137037 0.03125 0.0481481
0 0.161458 0.221296 0.0583333 0.0648148
0 0.0885417 0.328704 0.075 0.087037
0 0.125521 0.29537 0.0510417 0.0685185
0 0.204167 0.230556 0.0604167 0.0611111
0 0.697396 0.308333 0.0635417 0.0944444
0 0.123958 0.861111 0.235417 0.266667
0 0.810938 0.590741 0.128125 0.177778
