0 0.009375 0.103704 0.01875 0.0259259
0 0.969271 0.103704 0.028125 0.062963
0 0.904167 0.106481 0.01875 0.0277778
0 0.727604 0.128704 0.0260417 0.0314815
0 0.755208 0.134259 0.0270833 0.0277778
0 0.0697917 0.100926 0.1 0.0462963
0 0.636979 0.181481 0.0364583 0.0407407
0 0.682292 0.180556 0.0354167 0.0388889
0 0.913021 0.19537 0.0322917 0.0537037
0 0.610417 0.172222 0.0375 0.0444444
0 0.660937 0.228704 0.0489583 0.0611111
0 0.964063 0.201852 0.0322917 0.0481481
0 0.809375 0.285185 0.0520833 0.0925926
0 0.688021 0.346296 0.0572917 0.0888889
0 0.883333 0.34537 0.05625 0.0833333
0 0.514583 0.3 0.0625 0.0666667
0 0.646354 0.619444 0.126042 0.183333
