0 0.947917 0.292593 0.102083 0.0740741
0 0.128125 0.0138889 0.0208333 0.0240741
0 0.0390625 0.0296296 0.0197917 0.0259259
0 0.283333 0.037963 0.0354167 0.0314815
0 0.578125 0.0666667 0.05625 0.0407407
0 0.848437 0.156481 0.040625 0.0462963
0 0.171354 0.0555556 0.0260417 0.0333333
0 0.79375 0.143519 0.0479167 0.0425926
0 0.0963542 0.0675926 0.028125 0.0388889
0 0.0697917 0.0907407 0.03125 0.0481481
0 0.771354 0.214815 0.071875 0.0777778
0 0.638021 0.405556 0.161458 0.148148
0 0.410937 0.618519 0.186458 0.311111
