0 0.111458 0.17037 0.0458333 0.0925926
0 0.219792 0.221296 0.0520833 0.0907407
0 0.388542 0.286111 0.16875 0.224074
0 0.247396 0.267593 0.0447917 0.0722222
0 0.516667 0.276852 0.0833333 0.112963
0 0.741667 0.250926 0.125 0.112963
0 0.297917 0.300926 0.0729167 0.101852
0 0.914583 0.321296 0.152083 0.138889
0 0.951042 0.508333 0.0979167 0.168519
0 0.629167 0.343519 0.125 0.116667
0 0.806771 0.415741 0.163542 0.12037
0 0.360938 0.355556 0.0760417 0.103704
0 0.833854 0.525926 0.178125 0.218519
0 0.964583 0.663889 0.0708333 0.153704
0 0.648958 0.450926 0.166667 0.146296
0 0.435937 0.417593 0.113542 0.131481
0 0.827083 0.702778 0.279167 0.346296
0 0.591667 0.532407 0.160417 0.175926
