0 0.365104 0.125 0.0364583 0.05
0 0.968229 0.0898148 0.0364583 0.0462963
0 0.238021 0.184259 0.0364583 0.0648148
0 0.897396 0.0592593 0.0239583 0.0444444
0 0.301562 0.188889 0.059375 0.0592593
0 0.322396 0.180556 0.0489583 0.0574074
0 0.350521 0.148148 0.0385417 0.0555556
0 0.525 0.103704 0.0333333 0.062963
0 0.702604 0.0981481 0.0385417 0.0592593
0 0.238542 0.263889 0.05 0.0833333
0 0.119271 0.397222 0.084375 0.124074
0 0.952604 0.116667 0.053125 0.0555556
0 0.217187 0.297222 0.0677083 0.0981481
0 0.772917 0.124074 0.04375 0.0555556
0 0.175 0.337963 0.0833333 0.101852
0 0.0739583 0.462037 0.0895833 0.131481
0 0.0354167 0.532407 0.0708333 0.17963
0 0.626042 0.428704 0.0895833 0.146296
