0 0.973958 0.281481 0.0520833 0.0407407
0 0.689062 0.264815 0.028125 0.0333333
0 0.481771 0.211111 0.015625 0.0222222
0 0.251563 0.332407 0.0489583 0.0648148
0 0.863021 0.333333 0.0635417 0.0666667
0 0.835417 0.336111 0.0854167 0.0722222
0 0.466146 0.240741 0.0260417 0.037037
0 0.283854 0.288889 0.0385417 0.062963
0 0.336979 0.256481 0.0427083 0.05
0 0.45625 0.301852 0.0354167 0.0555556
0 0.500521 0.325 0.0385417 0.0574074
0 0.391146 0.340741 0.0489583 0.062963
0 0.413021 0.465741 0.0635417 0.109259
0 0.0817708 0.875926 0.163542 0.240741
