0 0.980208 0.0287037 0.025 0.0351852
0 0.921354 0.0768519 0.0260417 0.0351852
0 0.710938 0.0574074 0.028125 0.0296296
0 0.930729 0.112037 0.0322917 0.0462963
0 0.982292 0.105556 0.03125 0.0518519
0 0.834375 0.113889 0.03125 0.05
0 0.672396 0.112037 0.0385417 0.05
0 0.748958 0.200926 0.0479167 0.0648148
0 0.566667 0.124074 0.04375 0.0518519
0 0.459896 0.940741 0.182292 0.114815
0 0.810938 0.22963 0.053125 0.0814815
0 0.953125 0.277778 0.0583333 0.0851852
0 0.981771 0.486111 0.0364583 0.146296
0 0.207813 0.910185 0.236458 0.17963
0 0.165104 0.525 0.165625 0.161111
