0 0.638542 0.0462963 0.0354167 0.0518519
0 0.590104 0.0759259 0.084375 0.0555556
0 0.204688 0.278704 0.0552083 0.0759259
0 0.0317708 0.317593 0.0572917 0.05
0 0.422396 0.168519 0.0447917 0.0592593
0 0.567708 0.087963 0.04375 0.0574074
0 0.232812 0.265741 0.101042 0.0759259
0 0.396875 0.297222 0.1375 0.15
0 0.610417 0.0666667 0.0458333 0.0481481
0 0.470833 0.140741 0.06875 0.0666667
0 0.522396 0.112037 0.0552083 0.0611111
0 0.123438 0.330556 0.117708 0.105556
0 0.0364583 0.389815 0.0708333 0.105556
