0 0.763542 0.087037 0.0166667 0.0259259
0 0.911979 0.0851852 0.015625 0.0259259
0 0.817187 0.0925926 0.0197917 0.0333333
0 0.879687 0.0953704 0.0197917 0.0277778
0 0.964063 0.0666667 0.015625 0.0296296
0 0.751562 0.108333 0.0197917 0.0240741
0 0.701042 0.174074 0.0416667 0.0592593
0 0.585938 0.178704 0.0322917 0.0388889
0 0.864583 0.126852 0.0166667 0.0277778
0 0.653125 0.162963 0.0354167 0.0444444
0 0.936458 0.116667 0.0208333 0.037037
0 0.507812 0.227778 0.053125 0.0518519
0 0.605729 0.274074 0.059375 0.0666667
0 0.547396 0.226852 0.0427083 0.05
0 0.880729 0.152778 0.028125 0.0388889
0 0.0401042 0.671296 0.0802083 0.12037
0 0.580729 0.242593 0.053125 0.062963
0 0.0911458 0.501852 0.171875 0.181481
0 0.385417 0.377778 0.0958333 0.0962963
0 0.252083 0.569444 0.1375 0.157407
0 0.377083 0.853704 0.216667 0.281481
