0 0.527083 0.0518519 0.04375 0.0925926
0 0.286979 0.176852 0.0614583 0.0611111
0 0.358333 0.115741 0.0416667 0.0537037
0 0.947917 0.0740741 0.0416667 0.0481481
0 0.339063 0.138889 0.034375 0.0592593
0 0.972917 0.087037 0.0479167 0.0444444
0 0.990625 0.0944444 0.01875 0.0481481
0 0.320833 0.158333 0.0395833 0.0611111
0 0.572396 0.0462963 0.0322917 0.0444444
0 0.601562 0.0305556 0.0239583 0.0388889
0 0.706771 0.012037 0.0197917 0.0240741
0 0.228646 0.250926 0.053125 0.0796296
0 0.735417 0.0425926 0.0291667 0.0444444
0 0.572396 0.0925926 0.034375 0.062963
0 0.206771 0.278704 0.065625 0.0833333
0 0.115625 0.385185 0.09375 0.12963
0 0.0651042 0.448148 0.0927083 0.12963
0 0.640104 0.144444 0.0447917 0.0703704
0 0.166146 0.331481 0.0802083 0.111111
0 0.442187 0.214815 0.0947917 0.107407
0 0.03125 0.518519 0.0625 0.177778
0 0.663542 0.498148 0.10625 0.177778
0 0.519271 0.335185 0.0864583 0.155556
