0 0.6125 0.141667 0.025 0.0351852
0 0.739062 0.156481 0.0239583 0.0351852
0 0.528646 0.167593 0.0302083 0.0574074
0 0.0463542 0.0546296 0.059375 0.0462963
0 0.422396 0.14537 0.021875 0.0351852
0 0.432292 0.187037 0.0291667 0.0407407
0 0.661458 0.152778 0.0270833 0.0462963
0 0.446875 0.161111 0.0229167 0.0333333
0 0.389583 0.17963 0.0291667 0.0444444
0 0.489062 0.150926 0.0260417 0.0574074
0 0.627083 0.191667 0.03125 0.0574074
0 0.458333 0.225 0.0354167 0.05
0 0.253125 0.333333 0.05625 0.0703704
0 0.832292 0.316667 0.05 0.0740741
0 0.764063 0.383333 0.065625 0.0888889
0 0.660937 0.35463 0.0552083 0.0796296
0 0.894792 0.655556 0.133333 0.181481
0 0.96875 0.377778 0.0625 0.0888889
0 0.0302083 0.586111 0.0604167 0.135185
0 0.696875 0.515741 0.075 0.116667
0 0.215104 0.484259 0.0927083 0.116667
0 0.318229 0.789815 0.126042 0.22037
