0 0.364583 0.152778 0.0375 0.0537037
0 0.570312 0.0694444 0.021875 0.0388889
0 0.784375 0.147222 0.0375 0.0722222
0 0.5375 0.116667 0.03125 0.0518519
0 0.238542 0.286111 0.0520833 0.0833333
0 0.619271 0.125 0.0364583 0.0722222
0 0.174479 0.368519 0.084375 0.111111
0 0.216146 0.322222 0.0677083 0.0925926
0 0.075 0.478704 0.0916667 0.138889
0 0.0354167 0.551852 0.0708333 0.174074
0 0.565625 0.178704 0.0395833 0.0648148
0 0.707812 0.313889 0.0677083 0.105556
0 0.125521 0.42037 0.0885417 0.122222
0 0.596875 0.286111 0.0625 0.0944444
0 0.398438 0.241667 0.126042 0.087037
0 0.676562 0.625926 0.121875 0.218519
