0 0.424479 0.0962963 0.0239583 0.0444444
0 0.741667 0.0981481 0.025 0.0333333
0 0.536458 0.122222 0.0270833 0.0407407
0 0.492188 0.126852 0.028125 0.0388889
0 0.678646 0.272222 0.0635417 0.114815
0 0.626042 0.105556 0.0208333 0.0407407
0 0.678646 0.12963 0.0260417 0.0407407
0 0.634375 0.152778 0.0333333 0.0537037
0 0.747396 0.15463 0.0322917 0.0611111
0 0.503125 0.230556 0.0395833 0.087037
0 0.289062 0.241667 0.0510417 0.0611111
0 0.705729 0.193519 0.040625 0.0574074
0 0.438021 0.224074 0.0427083 0.062963
0 0.751042 0.662037 0.108333 0.172222
0 0.972917 0.339815 0.0541667 0.0944444
0 0.455208 0.325 0.05625 0.0944444
0 0.323958 0.29537 0.0583333 0.0759259
0 0.283333 0.865741 0.175 0.261111
0 0.218229 0.421296 0.0822917 0.112963
