0 0.280208 0.062963 0.04375 0.0481481
0 0.440104 0.0222222 0.0489583 0.0407407
0 0.192708 0.0518519 0.04375 0.0407407
0 0.0171875 0.0657407 0.0302083 0.0314815
0 0.844271 0.182407 0.084375 0.0833333
0 0.804167 0.075 0.05 0.0537037
0 0.909375 0.0768519 0.0541667 0.0796296
0 0.0359375 0.0861111 0.028125 0.0314815
0 0.755729 0.0712963 0.053125 0.0574074
0 0.675521 0.0722222 0.0364583 0.0481481
0 0.0776042 0.087037 0.0322917 0.0407407
0 0.147917 0.118519 0.04375 0.0518519
0 0.34375 0.203704 0.0895833 0.0814815
0 0.897396 0.458333 0.205208 0.194444
0 0.5125 0.269444 0.127083 0.116667
