0 0.621354 0.167593 0.021875 0.0425926
0 0.720833 0.183333 0.0291667 0.0407407
0 0.547917 0.142593 0.0208333 0.0333333
0 0.508333 0.175926 0.0270833 0.0481481
0 0.853646 0.267593 0.046875 0.0611111
0 0.667708 0.178704 0.0270833 0.0388889
0 0.498437 0.24537 0.0385417 0.0685185
0 0.629687 0.216667 0.0322917 0.0481481
0 0.396875 0.202778 0.03125 0.0462963
0 0.782292 0.261111 0.0458333 0.062963
0 0.9875 0.433333 0.025 0.0703704
0 0.196354 0.778704 0.146875 0.212963
0 0.275521 0.326852 0.0552083 0.0685185
0 0.402604 0.346296 0.0489583 0.1
0 0.490104 0.340741 0.0489583 0.0777778
0 0.668229 0.337037 0.0447917 0.0740741
0 0.767187 0.366667 0.0635417 0.0814815
0 0.246354 0.446296 0.0739583 0.103704
0 0.457812 0.490741 0.0697917 0.114815
0 0.766146 0.832407 0.128125 0.22037
0 0.890104 0.639815 0.115625 0.15
