0 0.123438 0.800926 0.209375 0.368519
0 0.605729 0.199074 0.0885417 0.0796296
0 0.521354 0.261111 0.084375 0.1
0 0.726042 0.232407 0.116667 0.0944444
0 0.302083 0.27963 0.0770833 0.103704
0 0.915104 0.287963 0.165625 0.146296
0 0.835938 0.501852 0.180208 0.214815
0 0.808854 0.390741 0.165625 0.114815
0 0.952604 0.477778 0.0947917 0.181481
0 0.633333 0.321296 0.133333 0.112963
0 0.966667 0.641667 0.0666667 0.157407
0 0.361979 0.334259 0.0760417 0.101852
0 0.651563 0.42963 0.165625 0.148148
0 0.438021 0.394444 0.115625 0.12963
0 0.594792 0.510185 0.160417 0.172222
0 0.826042 0.678704 0.279167 0.338889
