0 0.24375 0.284259 0.0458333 0.0722222
0 0.215104 0.241667 0.0552083 0.0907407
0 0.105208 0.828704 0.2 0.335185
0 0.622396 0.238889 0.101042 0.0925926
0 0.513021 0.297222 0.0802083 0.101852
0 0.729167 0.277778 0.1125 0.107407
0 0.294792 0.315741 0.0770833 0.105556
0 0.828125 0.548148 0.177083 0.225926
0 0.769792 0.431481 0.158333 0.140741
0 0.625 0.357407 0.13125 0.122222
0 0.960938 0.683333 0.078125 0.155556
0 0.931771 0.359259 0.136458 0.122222
0 0.947396 0.521296 0.105208 0.17963
0 0.354688 0.371296 0.0760417 0.105556
0 0.644271 0.468519 0.167708 0.148148
0 0.586979 0.55 0.159375 0.174074
0 0.430208 0.433333 0.114583 0.12963
0 0.820833 0.718518 0.283333 0.344444
0 0.7375 0.868519 0.29375 0.259259
