0 0.716667 0.0787037 0.03125 0.0462963
0 0.629167 0.12037 0.0395833 0.0407407
0 0.830208 0.0796296 0.0270833 0.037037
0 0.335417 0.289815 0.110417 0.142593
0 0.926042 0.0240741 0.01875 0.0333333
0 0.889063 0.0398148 0.0197917 0.0277778
0 0.867708 0.0259259 0.01875 0.0259259
0 0.553125 0.249074 0.0666667 0.0796296
0 0.843229 0.136111 0.0322917 0.05
0 0.411979 0.214815 0.0614583 0.062963
0 0.921354 0.128704 0.034375 0.05
0 0.590104 0.160185 0.0447917 0.0574074
0 0.80625 0.238889 0.05625 0.0814815
0 0.714583 0.241667 0.0583333 0.0685185
0 0.339583 0.42037 0.122917 0.144444
0 0.472917 0.256481 0.0708333 0.0796296
0 0.170833 0.369444 0.114583 0.116667
0 0.789583 0.606481 0.110417 0.201852
0 0.0802083 0.567593 0.160417 0.168519
