0 0.277083 0.224074 0.13125 0.1
0 0.636458 0.0833333 0.0416667 0.0407407
0 0.157813 0.184259 0.115625 0.0759259
0 0.969792 0.113889 0.0604167 0.0537037
0 0.859896 0.127778 0.0552083 0.0518519
0 0.447917 0.0916667 0.0541667 0.0611111
0 0.906771 0.119444 0.0552083 0.0537037
0 0.565104 0.163889 0.0802083 0.0796296
0 0.957812 0.45 0.0822917 0.162963
0 0.177604 0.238889 0.136458 0.107407
0 0.0453125 0.264815 0.0885417 0.0962963
0 0.542188 0.377778 0.180208 0.140741
0 0.869271 0.80463 0.261458 0.312963
