0 0.244271 0.183333 0.0510417 0.0518519
0 0.49375 0.0925926 0.0229167 0.037037
0 0.159896 0.19537 0.0552083 0.0685185
0 0.854688 0.132407 0.059375 0.0611111
0 0.446354 0.10463 0.028125 0.0388889
0 0.470313 0.0666667 0.0260417 0.0518519
0 0.479688 0.133333 0.0322917 0.0444444
0 0.0651042 0.334259 0.0322917 0.0759259
0 0.201562 0.20463 0.0635417 0.0648148
0 0.6875 0.118519 0.0333333 0.0518519
0 0.950521 0.135185 0.0760417 0.062963
0 0.941667 0.181481 0.0645833 0.062963
0 0.990625 0.22963 0.01875 0.0444444
0 0.641667 0.140741 0.0354167 0.0555556
0 0.409896 0.262037 0.0572917 0.0759259
0 0.528646 0.119444 0.028125 0.0425926
0 0.430729 0.141667 0.0322917 0.05
0 0.673437 0.19537 0.046875 0.0611111
0 0.0916667 0.302778 0.0729167 0.0907407
0 0.458333 0.175926 0.0395833 0.062963
0 0.971354 0.203704 0.0572917 0.0703704
0 0.404687 0.328704 0.0697917 0.116667
0 0.147917 0.333333 0.0791667 0.0962963
0 0.317708 0.318519 0.0625 0.1
0 0.701563 0.27037 0.0635417 0.0851852
0 0.804688 0.443519 0.117708 0.190741
0 0.329688 0.578704 0.128125 0.194444
0 0.466146 0.788889 0.151042 0.311111
