0 0.782292 0.358333 0.0354167 0.05
0 0.0541667 0.398148 0.0479167 0.0407407
0 0.975 0.52037 0.05 0.0740741
0 0.979688 0.559259 0.040625 0.114815
0 0.821875 0.391667 0.0375 0.0462963
0 0.765625 0.351852 0.0333333 0.0407407
0 0.4875 0.236111 0.0104167 0.0240741
0 0.292708 0.321296 0.03125 0.0425926
0 0.268229 0.337963 0.0385417 0.0462963
0 0.59375 0.29537 0.0208333 0.0351852
0 0.942187 0.482407 0.0864583 0.0833333
0 0.242708 0.358333 0.0416667 0.0537037
0 0.852083 0.412963 0.05625 0.0555556
0 0.559375 0.258333 0.0208333 0.0240741
0 0.480208 0.302778 0.025 0.0462963
0 0.898438 0.441667 0.084375 0.0907407
0 0.0114583 0.544444 0.0229167 0.0740741
0 0.114063 0.448148 0.0802083 0.0888889
0 0.211458 0.377778 0.05 0.0518519
0 0.33125 0.503704 0.08125 0.103704
0 0.447396 0.550926 0.0697917 0.127778
