0 0.710417 0.0509259 0.0208333 0.0277778
0 0.782292 0.117593 0.0291667 0.0425926
0 0.473958 0.0722222 0.0229167 0.0333333
0 0.641667 0.0527778 0.0229167 0.0314815
0 0.497917 0.0740741 0.0229167 0.0333333
0 0.623438 0.0962963 0.0239583 0.0407407
0 0.491667 0.110185 0.0291667 0.0388889
0 0.519271 0.126852 0.028125 0.0425926
0 0.719271 0.108333 0.0302083 0.0425926
0 0.769792 0.138889 0.0375 0.0518519
0 0.541667 0.0666667 0.01875 0.0333333
0 0.629167 0.14537 0.0333333 0.0574074
0 0.345833 0.163889 0.0375 0.0462963
0 0.447396 0.17963 0.0385417 0.0592593
0 0.220313 0.921296 0.184375 0.15
0 0.271875 0.305556 0.0729167 0.111111
0 0.502604 0.2 0.0447917 0.0703704
0 0.978125 0.475926 0.04375 0.133333
0 0.640625 0.197222 0.04375 0.0648148
0 0.698438 0.162037 0.0364583 0.05
0 0.710417 0.487037 0.0875 0.133333
0 0.313021 0.45463 0.0864583 0.127778
0 0.120833 0.560185 0.122917 0.161111
