0 0.890104 0.0407407 0.0135417 0.0222222
0 0.852604 0.312037 0.105208 0.264815
0 0.840625 0.143519 0.03125 0.0537037
0 0.955208 0.102778 0.025 0.0351852
0 0.900521 0.200926 0.034375 0.0648148
0 0.643229 0.180556 0.0447917 0.0574074
0 0.957292 0.159259 0.0333333 0.0518519
0 0.903125 0.112037 0.0270833 0.0425926
0 0.544271 0.169444 0.040625 0.0648148
0 0.615104 0.155556 0.0427083 0.0481481
0 0.668229 0.325 0.0677083 0.116667
0 0.796354 0.248148 0.053125 0.0777778
0 0.961979 0.750926 0.0739583 0.242593
0 0.485417 0.262963 0.0729167 0.0703704
0 0.728646 0.917593 0.151042 0.164815
0 0.381771 0.40463 0.117708 0.124074
0 0.475521 0.852778 0.223958 0.287037
