0 0.766146 0.0148148 0.0239583 0.0296296
0 0.715625 0.037963 0.025 0.0277778
0 0.948958 0.00925926 0.0208333 0.0185185
0 0.620313 0.100926 0.0489583 0.0685185
0 0.842708 0.0675926 0.03125 0.0388889
0 0.535417 0.133333 0.05 0.0518519
0 0.671875 0.12963 0.0458333 0.062963
0 0.860937 0.116667 0.040625 0.0703704
0 0.433333 0.212037 0.0708333 0.0722222
0 0.545833 0.485185 0.135417 0.177778
0 0.55625 0.180556 0.0541667 0.0648148
0 0.30625 0.32037 0.09375 0.0962963
0 0.202604 0.465741 0.148958 0.15
0 0.553125 0.773148 0.18125 0.27963
