0 0.0114583 0.127778 0.0229167 0.0481481
0 0.129688 0.0898148 0.0364583 0.05
0 0.328125 0.0685185 0.0395833 0.0444444
0 0.302604 0.0861111 0.040625 0.0462963
0 0.529167 0.121296 0.0541667 0.0537037
0 0.392708 0.125 0.0520833 0.0611111
0 0.071875 0.183333 0.0458333 0.0666667
0 0.00833333 0.197222 0.0166667 0.0648148
0 0.136458 0.167593 0.0458333 0.0611111
0 0.201562 0.150926 0.046875 0.0611111
0 0.944271 0.376852 0.111458 0.190741
0 0.479688 0.126852 0.0552083 0.0574074
0 0.601562 0.261111 0.084375 0.0666667
0 0.79375 0.247222 0.0958333 0.0907407
0 0.701563 0.257407 0.101042 0.0888889
0 0.557813 0.158333 0.065625 0.0611111
0 0.302604 0.875 0.190625 0.246296
0 0.723958 0.602778 0.189583 0.209259
0 0.632812 0.873148 0.251042 0.246296
