0 0.859375 0.183333 0.0416667 0.0333333
0 0.68125 0.250926 0.0291667 0.0351852
0 0.933854 0.27037 0.0322917 0.0555556
0 0.642187 0.266667 0.034375 0.0407407
0 0.974479 0.192593 0.0177083 0.0222222
0 0.411458 0.351852 0.0729167 0.0703704
0 0.935938 0.246296 0.0260417 0.0333333
0 0.608854 0.27963 0.0385417 0.0444444
0 0.992188 0.235185 0.015625 0.0333333
0 0.571875 0.293519 0.0458333 0.0462963
0 0.818229 0.464815 0.0760417 0.1
0 0.93125 0.287963 0.0395833 0.0462963
0 0.957812 0.230556 0.0197917 0.0314815
0 0.529688 0.308333 0.0510417 0.0462963
0 0.172917 0.400926 0.0604167 0.0611111
0 0.35 0.387037 0.0583333 0.0740741
0 0.263542 0.418519 0.0958333 0.0777778
