0 0.771875 0.137037 0.0291667 0.0407407
0 0.739583 0.140741 0.0229167 0.0444444
0 0.0114583 0.117593 0.0229167 0.0314815
0 0.965625 0.117593 0.01875 0.0314815
0 0.842708 0.17037 0.0270833 0.037037
0 0.0177083 0.803704 0.0354167 0.0888889
0 0.870313 0.196296 0.0302083 0.0481481
0 0.614583 0.192593 0.0333333 0.037037
0 0.886458 0.176852 0.0229167 0.0388889
0 0.0770833 0.115741 0.0958333 0.0388889
0 0.975 0.221296 0.03125 0.0611111
0 0.924479 0.199074 0.0239583 0.0388889
0 0.554688 0.286111 0.059375 0.0537037
0 0.536979 0.257407 0.0552083 0.0666667
0 0.776042 0.262037 0.0416667 0.0537037
0 0.646354 0.248148 0.0427083 0.0518519
0 0.826042 0.29537 0.0479167 0.0574074
0 0.544792 0.346296 0.0729167 0.0777778
0 0.818229 0.361111 0.065625 0.0814815
0 0.422396 0.375926 0.090625 0.103704
