0 0.939062 0.0342593 0.0510417 0.0574074
0 0.341667 0.114815 0.0583333 0.0444444
0 0.827604 0.0268519 0.0427083 0.0537037
0 0.395833 0.0935185 0.0583333 0.0462963
0 0.0203125 0.242593 0.040625 0.0481481
0 0.0333333 0.214815 0.0645833 0.0555556
0 0.207292 0.164815 0.0604167 0.0555556
0 0.851562 0.241667 0.096875 0.138889
0 0.664062 0.146296 0.046875 0.0555556
0 0.935938 0.165741 0.0697917 0.0759259
0 0.202083 0.431481 0.0958333 0.0888889
0 0.360938 0.671296 0.196875 0.190741
0 0.53125 0.9 0.247917 0.196296
