0 0.304167 0.114815 0.0395833 0.0555556
0 0.381771 0.0361111 0.028125 0.0351852
0 0.367708 0.0509259 0.0291667 0.05
0 0.334896 0.0657407 0.028125 0.05
0 0.879167 0.025 0.0458333 0.0462963
0 0.303646 0.0611111 0.040625 0.0518519
0 0.986979 0.0805556 0.0260417 0.0537037
0 0.943229 0.0194444 0.0385417 0.0388889
0 0.290625 0.139815 0.0479167 0.0685185
0 0.982813 0.0185185 0.034375 0.037037
0 0.261458 0.172222 0.0583333 0.0740741
0 0.445833 0.0703704 0.0708333 0.0481481
0 0.227604 0.215741 0.065625 0.087037
0 0.192708 0.260185 0.0645833 0.101852
0 0.965625 0.0638889 0.0520833 0.0537037
0 0.142708 0.311111 0.09375 0.122222
0 0.0338542 0.488889 0.0677083 0.185185
