0 0.48125 0.239815 0.0729167 0.0759259
0 0.1 0.213889 0.0270833 0.0425926
0 0.0885417 0.837963 0.177083 0.312963
0 0.483333 0.323148 0.0604167 0.116667
0 0.225 0.260185 0.0416667 0.0611111
0 0.148958 0.238889 0.03125 0.0555556
0 0.580729 0.27963 0.0864583 0.0888889
0 0.723958 0.382407 0.129167 0.0944444
0 0.88125 0.386111 0.14375 0.135185
0 0.756771 0.476852 0.159375 0.142593
0 0.580208 0.387963 0.116667 0.109259
0 0.815104 0.590741 0.176042 0.225926
0 0.276563 0.350926 0.071875 0.101852
0 0.924479 0.559259 0.151042 0.196296
0 0.954687 0.72963 0.090625 0.159259
0 0.341667 0.409259 0.0770833 0.103704
0 0.634375 0.512963 0.166667 0.148148
0 0.419792 0.475926 0.114583 0.133333
0 0.575 0.594444 0.160417 0.174074
0 0.382812 0.588889 0.142708 0.214815
0 0.808854 0.766667 0.278125 0.344444
