0 0.328646 0.344444 0.0864583 0.1
0 0.990625 0.362037 0.01875 0.0351852
0 0.978646 0.273148 0.0427083 0.0351852
0 0.691146 0.262037 0.0302083 0.0314815
0 0.253125 0.309259 0.05 0.0814815
0 0.284896 0.287037 0.0385417 0.062963
0 0.876042 0.336111 0.0375 0.0537037
0 0.467187 0.282407 0.0302083 0.0351852
0 0.508333 0.290741 0.0333333 0.0407407
0 0.835938 0.328704 0.0802083 0.0722222
0 0.338542 0.251852 0.04375 0.0518519
0 0.411979 0.306481 0.040625 0.0537037
0 0.445833 0.376852 0.04375 0.0759259
0 0.266146 0.875 0.182292 0.242593
0 0.241146 0.612037 0.119792 0.168519
