0 0.220313 0.230556 0.0552083 0.0944444
0 0.979167 0.226852 0.0416667 0.0425926
0 0.396354 0.265741 0.190625 0.212963
0 0.245312 0.274074 0.0447917 0.0703704
0 0.517708 0.287037 0.08125 0.1
0 0.298958 0.305556 0.075 0.103704
0 0.661458 0.237037 0.108333 0.0962963
0 0.8625 0.306481 0.141667 0.127778
0 0.95 0.508333 0.0979167 0.172222
0 0.627604 0.344444 0.123958 0.118519
0 0.833854 0.531482 0.178125 0.218519
0 0.963542 0.67037 0.0708333 0.151852
0 0.779167 0.416667 0.158333 0.12963
0 0.358854 0.359259 0.0739583 0.103704
0 0.648438 0.456481 0.167708 0.146296
0 0.434375 0.42037 0.114583 0.133333
0 0.591146 0.535185 0.159375 0.181481
0 0.825521 0.705556 0.278125 0.344444
