0 0.534375 0.012037 0.0354167 0.0240741
0 0.764583 0.025 0.03125 0.05
0 0.134375 0.0361111 0.09375 0.0722222
0 0.654167 0.0277778 0.0395833 0.0518519
0 0.974479 0.0305556 0.0510417 0.0611111
0 0.589063 0.025 0.040625 0.05
0 0.985937 0.178704 0.028125 0.0944444
0 0.542708 0.0675926 0.0458333 0.0796296
0 0.682813 0.161111 0.0614583 0.103704
0 0.585938 0.165741 0.0614583 0.109259
0 0.891146 0.19537 0.084375 0.112963
0 0.423438 0.137037 0.0572917 0.0925926
0 0.811979 0.868519 0.184375 0.259259
0 0.139583 0.758333 0.185417 0.327778
0 0.569271 0.738889 0.146875 0.348148
