0 0.00572917 0.132407 0.0114583 0.0277778
0 0.503125 0.0694444 0.0541667 0.0425926
0 0.134896 0.147222 0.034375 0.0388889
0 0.818229 0.12963 0.0552083 0.0703704
0 0.892708 0.235185 0.10625 0.0740741
0 0.552083 0.15 0.0708333 0.0555556
0 0.214062 0.150926 0.040625 0.0462963
0 0.590104 0.162963 0.0510417 0.0555556
0 0.100521 0.22963 0.0447917 0.0814815
0 0.973958 0.134259 0.05 0.0833333
0 0.0265625 0.161111 0.0302083 0.0407407
0 0.745833 0.198148 0.0854167 0.0703704
0 0.0213542 0.243519 0.0427083 0.0722222
0 0.339583 0.406481 0.120833 0.146296
0 0.469792 0.283333 0.1 0.0925926
