0 0.278646 0.258333 0.0489583 0.0537037
0 0.427083 0.165741 0.0395833 0.0648148
0 0.504167 0.421296 0.0229167 0.0203704
0 0.0375 0.316667 0.0583333 0.0518519
0 0.642708 0.0435185 0.025 0.0462963
0 0.956771 0.0194444 0.0385417 0.0388889
0 0.252604 0.257407 0.0989583 0.0592593
0 0.209375 0.283333 0.0541667 0.0740741
0 0.576042 0.087037 0.0479167 0.0592593
0 0.455729 0.261111 0.084375 0.1
0 0.473958 0.143519 0.0645833 0.0685185
0 0.613542 0.0648148 0.0458333 0.0481481
0 0.528125 0.111111 0.0541667 0.062963
0 0.128646 0.332407 0.113542 0.105556
0 0.0390625 0.391667 0.078125 0.105556
