0 0.865625 0.0981481 0.0333333 0.0666667
0 0.930208 0.125926 0.1375 0.0703704
0 0.186458 0.121296 0.0354167 0.0648148
0 0.0307292 0.218519 0.053125 0.0740741
0 0.726562 0.875 0.211458 0.242593
0 0.566146 0.0231481 0.0260417 0.0425926
0 0.223958 0.0907407 0.03125 0.0555556
0 0.469792 0.025 0.025 0.0351852
0 0.133854 0.151852 0.053125 0.062963
0 0.419271 0.101852 0.0385417 0.0592593
0 0.0473958 0.151852 0.0385417 0.062963
0 0.889583 0.118519 0.0520833 0.0777778
0 0.981771 0.193519 0.0364583 0.105556
0 0.492188 0.0601852 0.028125 0.0537037
0 0.408333 0.133333 0.04375 0.0666667
0 0.566146 0.0777778 0.034375 0.0555556
0 0.280208 0.185185 0.08125 0.0962963
0 0.961979 0.135185 0.0760417 0.0666667
0 0.599479 0.0481481 0.0302083 0.0444444
0 0.651563 0.130556 0.0427083 0.0648148
0 0.0171875 0.239815 0.034375 0.0907407
0 0.959375 0.937963 0.08125 0.116667
0 0.583333 0.161111 0.0479167 0.0814815
0 0.650521 0.272222 0.071875 0.107407
0 0.897917 0.452778 0.133333 0.161111
