0 0.0375 0.309259 0.075 0.122222
0 0.585938 0.0203704 0.021875 0.037037
0 0.944271 0.0388889 0.040625 0.0444444
0 0.592188 0.10463 0.040625 0.0611111
0 0.699479 0.0509259 0.0302083 0.0425926
0 0.425521 0.117593 0.0802083 0.0537037
0 0.967708 0.0851852 0.0541667 0.0592593
0 0.294271 0.166667 0.0489583 0.062963
0 0.264583 0.201852 0.05625 0.0777778
0 0.671875 0.175 0.0604167 0.112963
0 0.195312 0.284259 0.065625 0.0981481
0 0.584375 0.147222 0.04375 0.0759259
0 0.146875 0.337963 0.0979167 0.127778
0 0.231771 0.240741 0.065625 0.0851852
0 0.0359375 0.518519 0.071875 0.185185
0 0.804688 0.159259 0.0614583 0.0777778
0 0.977604 0.246296 0.0447917 0.1
0 0.711979 0.291667 0.0802083 0.116667
0 0.611458 0.278704 0.06875 0.112963
0 0.683854 0.558333 0.142708 0.224074
