0 0.270312 0.0592593 0.0385417 0.0444444
0 0.00989583 0.0194444 0.0177083 0.0277778
0 0.459375 0.15 0.0666667 0.0666667
0 0.347396 0.0462963 0.0364583 0.037037
0 0.1125 0.0648148 0.03125 0.0407407
0 0.647396 0.27963 0.096875 0.0814815
0 0.00833333 0.0740741 0.0166667 0.0481481
0 0.1 0.108333 0.0375 0.05
0 0.804167 0.240741 0.0875 0.0925926
0 0.149479 0.169444 0.0489583 0.0648148
0 0.902083 0.237963 0.104167 0.0833333
0 0.741146 0.272222 0.103125 0.1
0 0.146875 0.289815 0.0666667 0.101852
0 0.4125 0.44537 0.120833 0.153704
0 0.651563 0.540741 0.171875 0.188889
0 0.465625 0.880556 0.222917 0.231481
0 0.666667 0.803704 0.229167 0.288889
