0 0.610937 0.100926 0.0302083 0.0574074
0 0.280208 0.147222 0.0333333 0.0574074
0 0.364583 0.132407 0.0375 0.05
0 0.707292 0.0138889 0.0229167 0.0277778
0 0.990104 0.0703704 0.0197917 0.0444444
0 0.634896 0.0361111 0.0322917 0.0425926
0 0.0479167 0.417593 0.0916667 0.12037
0 0.386458 0.112963 0.0333333 0.0481481
0 0.25 0.244444 0.0395833 0.0777778
0 0.732292 0.0851852 0.0395833 0.0592593
0 0.259896 0.223148 0.0489583 0.0722222
0 0.176563 0.298148 0.040625 0.1
0 0.581771 0.135185 0.0510417 0.107407
0 0.333854 0.15 0.0614583 0.0592593
0 0.783854 0.0759259 0.0427083 0.0740741
0 0.794792 0.135185 0.0479167 0.0740741
0 0.0322917 0.443519 0.0645833 0.109259
0 0.442708 0.181481 0.0645833 0.0740741
0 0.135937 0.344444 0.084375 0.111111
0 0.0802083 0.385185 0.0791667 0.0962963
0 0.471354 0.209259 0.0552083 0.0814815
0 0.984896 0.398148 0.0302083 0.114815
0 0.501562 0.369444 0.090625 0.175926
0 0.467187 0.900926 0.186458 0.194444
0 0.558333 0.225926 0.0583333 0.0925926
0 0.773438 0.199074 0.0635417 0.0907407
0 0.905729 0.206481 0.078125 0.0907407
0 0.644792 0.262037 0.0666667 0.109259
0 0.63125 0.412963 0.09375 0.162963
