0 0.475521 0.0833333 0.0197917 0.0296296
0 0.548437 0.0675926 0.0197917 0.0425926
0 0.433854 0.106481 0.0197917 0.0240741
0 0.463542 0.12037 0.0229167 0.0296296
0 0.621875 0.121296 0.0229167 0.0351852
0 0.525521 0.161111 0.0302083 0.0518519
0 0.634375 0.169444 0.03125 0.0574074
0 0.4625 0.198148 0.0395833 0.0555556
0 0.645312 0.269444 0.0427083 0.0648148
0 0.823438 0.298148 0.0572917 0.0703704
0 0.122917 0.409259 0.0979167 0.159259
0 0.48125 0.349074 0.0541667 0.0907407
0 0.964583 0.516667 0.0708333 0.122222
0 0.379167 0.35 0.0604167 0.0888889
0 0.80625 0.447222 0.0833333 0.112963
0 0.0984375 0.618519 0.123958 0.214815
0 0.408854 0.558333 0.103125 0.190741
0 0.223438 0.666667 0.128125 0.188889
0 0.735937 0.625926 0.0989583 0.151852
