0 0.692708 0.037037 0.025 0.0296296
0 0.0119792 0.615741 0.0239583 0.138889
0 0.761458 0.00833333 0.01875 0.0166667
0 0.757812 0.0564815 0.0302083 0.0351852
0 0.719271 0.0407407 0.0322917 0.037037
0 0.570833 0.137963 0.0479167 0.05
0 0.702083 0.075 0.03125 0.0388889
0 0.394271 0.344444 0.126042 0.174074
0 0.934896 0.0472222 0.0260417 0.0425926
0 0.644792 0.0796296 0.0375 0.0555556
0 0.758333 0.325 0.08125 0.135185
0 0.573438 0.171296 0.0552083 0.0611111
0 0.375 0.269444 0.09375 0.0907407
0 0.74375 0.202778 0.0541667 0.0685185
