0 0.59375 0.0759259 0.0604167 0.0444444
0 0.0296875 0.0185185 0.0197917 0.037037
0 0.0817708 0.0351852 0.0239583 0.0259259
0 0.960417 0.29537 0.0791667 0.0648148
0 0.303646 0.0472222 0.028125 0.0314815
0 0.119271 0.0231481 0.0197917 0.0388889
0 0.078125 0.0666667 0.03125 0.0407407
0 0.866146 0.162037 0.040625 0.0425926
0 0.808854 0.152778 0.0447917 0.0425926
0 0.316146 0.178704 0.0510417 0.0574074
0 0.161979 0.134259 0.0427083 0.0537037
0 0.370313 0.182407 0.0697917 0.0648148
0 0.790104 0.22037 0.0697917 0.0740741
0 0.595312 0.381481 0.140625 0.137037
