0 0.928646 0.113889 0.0427083 0.0277778
0 0.991146 0.151852 0.0177083 0.0518519
0 0.330208 0.208333 0.0458333 0.0611111
0 0.353125 0.175926 0.04375 0.0518519
0 0.367708 0.162963 0.0395833 0.0481481
0 0.958854 0.128704 0.0427083 0.0277778
0 0.567187 0.0796296 0.0239583 0.0333333
0 0.294271 0.225926 0.059375 0.062963
0 0.232812 0.224074 0.0427083 0.0703704
0 0.60625 0.460185 0.0916667 0.205556
0 0.235417 0.3 0.05 0.0814815
0 0.567708 0.113889 0.0270833 0.0388889
0 0.0338542 0.541667 0.0677083 0.127778
0 0.598958 0.243519 0.0458333 0.109259
0 0.602083 0.087963 0.0229167 0.0351852
0 0.214062 0.334259 0.0697917 0.0981481
0 0.777604 0.122222 0.0322917 0.0481481
0 0.559896 0.173148 0.0364583 0.0574074
0 0.0713542 0.489815 0.0927083 0.127778
0 0.621875 0.141667 0.03125 0.05
0 0.172396 0.37963 0.0822917 0.111111
0 0.121354 0.431481 0.090625 0.125926
