0 0.0536458 0.393519 0.0489583 0.0462963
0 0.0640625 0.417593 0.0510417 0.0759259
0 0.530208 0.22963 0.0104167 0.0185185
0 0.767708 0.348148 0.0333333 0.0407407
0 0.788021 0.367593 0.034375 0.0462963
0 0.817708 0.385185 0.04375 0.0555556
0 0.452083 0.32037 0.025 0.0481481
0 0.293229 0.317593 0.0322917 0.0425926
0 0.853125 0.409259 0.05625 0.0555556
0 0.241667 0.355556 0.04375 0.0518519
0 0.269792 0.336111 0.0375 0.0462963
0 0.584896 0.29537 0.021875 0.0314815
0 0.0125 0.541667 0.025 0.0722222
0 0.1125 0.444444 0.0854167 0.0925926
0 0.975 0.512037 0.05 0.0648148
0 0.897917 0.438889 0.0833333 0.0888889
0 0.985417 0.564815 0.0291667 0.0888889
0 0.942708 0.480556 0.0895833 0.0833333
0 0.210938 0.375926 0.046875 0.0555556
0 0.0541667 0.714815 0.108333 0.159259
