0 0.675521 0.222222 0.0239583 0.0333333
0 0.622917 0.225926 0.0229167 0.0333333
0 0.886979 0.331481 0.046875 0.0555556
0 0.965625 0.390741 0.06875 0.0666667
0 0.985417 0.4 0.0291667 0.0555556
0 0.64375 0.234259 0.0270833 0.0388889
0 0.608333 0.205556 0.01875 0.0259259
0 0.91875 0.35463 0.0604167 0.0611111
0 0.226042 0.343519 0.0604167 0.0648148
0 0.608854 0.34537 0.0427083 0.0722222
0 0.0838542 0.74537 0.167708 0.209259
0 0.477083 0.439815 0.0604167 0.109259
0 0.707812 0.678704 0.107292 0.161111
