0 0.0520833 0.393519 0.0479167 0.0462963
0 0.789583 0.366667 0.0375 0.0481481
0 0.820312 0.386111 0.0385417 0.05
0 0.763542 0.349074 0.03125 0.0388889
0 0.292188 0.312963 0.0364583 0.0407407
0 0.266667 0.333333 0.0375 0.0444444
0 0.972396 0.550926 0.0552083 0.142593
0 0.602604 0.262963 0.015625 0.037037
0 0.850521 0.409259 0.0572917 0.0555556
0 0.895312 0.437963 0.0802083 0.0796296
0 0.479167 0.248148 0.0145833 0.0259259
0 0.239583 0.351852 0.0395833 0.0518519
0 0.0104167 0.537963 0.0208333 0.0722222
0 0.111979 0.438889 0.078125 0.0851852
0 0.941146 0.477778 0.0864583 0.0814815
0 0.463542 0.264815 0.01875 0.0259259
0 0.429688 0.359259 0.034375 0.0555556
0 0.209896 0.373148 0.0489583 0.0537037
0 0.220313 0.856481 0.182292 0.283333
