0 0.420312 0.153704 0.0614583 0.0481481
0 0.0854167 0.0814815 0.03125 0.0444444
0 0.417708 0.0657407 0.04375 0.0425926
0 0.110937 0.123148 0.040625 0.0537037
0 0.596354 0.205556 0.0947917 0.0814815
0 0.606771 0.25463 0.0927083 0.0833333
0 0.828646 0.67037 0.223958 0.322222
0 0.983854 0.4 0.0322917 0.0777778
0 0.104167 0.208333 0.0541667 0.0796296
0 0.916146 0.418519 0.163542 0.118519
0 0.275 0.294444 0.08125 0.103704
0 0.386979 0.45463 0.117708 0.157407
0 0.418229 0.330556 0.0989583 0.12037
0 0.254687 0.530556 0.119792 0.17963
