0 0.583333 0.0185185 0.025 0.037037
0 0.0177083 0.243519 0.0354167 0.0759259
0 0.567708 0.0814815 0.0333333 0.0555556
0 0.617188 0.0601852 0.0302083 0.0462963
0 0.461979 0.0675926 0.028125 0.0462963
0 0.892708 0.127778 0.0520833 0.0777778
0 0.053125 0.160185 0.05 0.0685185
0 0.397917 0.141667 0.0458333 0.0722222
0 0.583854 0.135185 0.0447917 0.0666667
0 0.138021 0.162963 0.0572917 0.062963
0 0.961979 0.14537 0.0760417 0.0648148
0 0.28125 0.192593 0.08125 0.0962963
0 0.484896 0.142593 0.040625 0.0703704
0 0.743229 0.210185 0.059375 0.087037
0 0.360938 0.164815 0.071875 0.0703704
0 0.603646 0.256481 0.065625 0.112963
0 0.1 0.242593 0.0708333 0.0851852
0 0.698438 0.273148 0.071875 0.101852
0 0.871875 0.659259 0.18125 0.262963
0 0.697396 0.448148 0.0989583 0.166667
