0 0.779688 0.0842593 0.0177083 0.0203704
0 0.897396 0.100926 0.015625 0.0277778
0 0.928646 0.0759259 0.0177083 0.0296296
0 0.961458 0.0972222 0.0208333 0.0314815
0 0.857813 0.118519 0.021875 0.0296296
0 0.929167 0.116667 0.0208333 0.0407407
0 0.882292 0.130556 0.0270833 0.0351852
0 0.599479 0.172222 0.0364583 0.0407407
0 0.661458 0.177778 0.0375 0.0407407
0 0.648958 0.224074 0.0479167 0.0555556
0 0.090625 0.72963 0.179167 0.240741
0 0.905208 0.219444 0.0416667 0.0648148
0 0.765104 0.238889 0.046875 0.062963
0 0.609896 0.742593 0.138542 0.211111
0 0.7625 0.901852 0.154167 0.196296
0 0.602604 0.489815 0.107292 0.131481
