0 0.465104 0.0888889 0.0239583 0.037037
0 0.442187 0.0694444 0.021875 0.0314815
0 0.440104 0.115741 0.0260417 0.0388889
0 0.529167 0.101852 0.0270833 0.0407407
0 0.703646 0.0768519 0.0260417 0.0351852
0 0.510417 0.156481 0.0333333 0.0537037
0 0.474479 0.136111 0.0302083 0.05
0 0.832292 0.857407 0.158333 0.277778
0 0.807813 0.141667 0.040625 0.0611111
0 0.215104 0.305556 0.059375 0.062963
0 0.376042 0.265741 0.0458333 0.0981481
0 0.750521 0.148148 0.0364583 0.0518519
0 0.345313 0.217593 0.0489583 0.087037
0 0.479688 0.221296 0.0427083 0.0648148
0 0.660417 0.243519 0.0375 0.0685185
0 0.392188 0.314815 0.059375 0.118519
0 0.869792 0.273148 0.0583333 0.0796296
0 0.711979 0.202778 0.0427083 0.0574074
0 0.485417 0.306481 0.05625 0.087037
0 0.335938 0.627778 0.107292 0.181481
