0 0.134896 0.190741 0.0489583 0.062963
0 0.614583 0.266667 0.129167 0.0851852
0 0.799479 0.0953704 0.040625 0.0537037
0 0.829167 0.112963 0.0291667 0.0444444
0 0.476562 0.0231481 0.021875 0.0462963
0 0.864062 0.133333 0.034375 0.0592593
0 0.619271 0.0435185 0.028125 0.0425926
0 0.0458333 0.180556 0.0375 0.0462963
0 0.435937 0.102778 0.034375 0.0648148
0 0.9375 0.94537 0.125 0.105556
0 0.0192708 0.27963 0.0385417 0.0925926
0 0.890104 0.157407 0.0510417 0.0777778
0 0.0713542 0.236111 0.0927083 0.0722222
0 0.98125 0.235185 0.0375 0.103704
0 0.650521 0.263889 0.0614583 0.0907407
0 0.960938 0.175926 0.078125 0.062963
0 0.3625 0.302778 0.06875 0.105556
0 0.580729 0.273148 0.059375 0.0907407
0 0.448958 0.384259 0.0791667 0.127778
0 0.145833 0.852778 0.185417 0.287037
0 0.735937 0.450926 0.0989583 0.142593
