0 0.857813 0.184259 0.0427083 0.0351852
0 0.670833 0.252778 0.0416667 0.0388889
0 0.759375 0.4 0.0729167 0.0740741
0 0.0625 0.690741 0.125 0.22963
0 0.641146 0.267593 0.0385417 0.0388889
0 0.988542 0.234259 0.0229167 0.0388889
0 0.607292 0.278704 0.0416667 0.0425926
0 0.964583 0.224074 0.0208333 0.0296296
0 0.569792 0.293519 0.0458333 0.0462963
0 0.930208 0.235185 0.025 0.0296296
0 0.169792 0.401852 0.0604167 0.062963
0 0.527083 0.308333 0.0479167 0.0425926
0 0.407292 0.350926 0.0729167 0.0685185
0 0.710938 0.538889 0.0760417 0.125926
0 0.2625 0.42963 0.0979167 0.1
0 0.420833 0.912963 0.25625 0.17037
