0 0.483854 0.150926 0.0364583 0.0685185
0 0.839583 0.209259 0.0458333 0.0592593
0 0.770833 0.199074 0.0395833 0.0574074
0 0.683333 0.150926 0.0270833 0.05
0 0.707812 0.17963 0.034375 0.0481481
0 0.634896 0.174074 0.0322917 0.0592593
0 0.841146 0.300926 0.0552083 0.0722222
0 0.654688 0.235185 0.040625 0.0777778
0 0.735937 0.25463 0.0489583 0.0648148
0 0.286458 0.285185 0.05 0.062963
0 0.916146 0.389815 0.0802083 0.0981481
0 0.384375 0.350926 0.0666667 0.116667
0 0.461979 0.392593 0.0677083 0.133333
0 0.807813 0.407407 0.0760417 0.1
0 0.691146 0.403704 0.065625 0.0962963
0 0.733333 0.635185 0.108333 0.17037
0 0.184375 0.865741 0.185417 0.264815
0 0.153646 0.551852 0.111458 0.140741
