0 0.839583 0.161111 0.0979167 0.0592593
0 0.888021 0.27037 0.0885417 0.0777778
0 0.228125 0.203704 0.0416667 0.0444444
0 0.511979 0.110185 0.0739583 0.0425926
0 0.0885417 0.280556 0.0458333 0.0648148
0 0.975 0.165741 0.05 0.0833333
0 0.136458 0.252778 0.0458333 0.0611111
0 0.747396 0.232407 0.0864583 0.0722222
0 0.157292 0.363889 0.06875 0.105556
0 0.358333 0.290741 0.0791667 0.0777778
0 0.268229 0.363889 0.0885417 0.105556
0 0.888542 0.496296 0.222917 0.233333
0 0.240625 0.517593 0.110417 0.161111
0 0.642708 0.475 0.175 0.146296
