0 0.36875 0.125 0.08125 0.0611111
0 0.0171875 0.32963 0.034375 0.114815
0 0.660417 0.0509259 0.03125 0.0462963
0 0.555729 0.0472222 0.0260417 0.0388889
0 0.507292 0.17037 0.0416667 0.0518519
0 0.716667 0.0731481 0.0375 0.05
0 0.989583 0.115741 0.0208333 0.0388889
0 0.6 0.0453704 0.0270833 0.0388889
0 0.985417 0.05 0.0291667 0.0444444
0 0.296875 0.180556 0.0479167 0.0722222
0 0.947396 0.0537037 0.0427083 0.0444444
0 0.268229 0.212037 0.0572917 0.0759259
0 0.580208 0.0824074 0.0333333 0.0574074
0 0.196875 0.293519 0.0645833 0.0944444
0 0.817187 0.139815 0.0552083 0.0759259
0 0.971875 0.0962963 0.0541667 0.0518519
0 0.232812 0.25 0.0635417 0.0851852
0 0.149479 0.350926 0.096875 0.12037
0 0.652083 0.186111 0.0604167 0.0944444
0 0.53125 0.231481 0.0645833 0.12963
0 0.578125 0.186111 0.05 0.0796296
0 0.833333 0.816667 0.2 0.359259
0 0.0380208 0.523148 0.0760417 0.183333
0 0.604688 0.300926 0.0697917 0.116667
