0 0.934375 0.037963 0.01875 0.0277778
0 0.872396 0.0416667 0.0177083 0.0277778
0 0.952083 0.0509259 0.0208333 0.0388889
0 0.829687 0.0898148 0.028125 0.0388889
0 0.874479 0.1 0.028125 0.0444444
0 0.976562 0.0981481 0.0322917 0.0444444
0 0.602083 0.126852 0.04375 0.0462963
0 0.983333 0.168519 0.0333333 0.0592593
0 0.731771 0.387963 0.0822917 0.12037
0 0.810938 0.25463 0.0572917 0.0796296
0 0.723437 0.248148 0.0614583 0.0777778
0 0.418229 0.302778 0.0927083 0.105556
0 0.322396 0.275 0.084375 0.0907407
