0 0.252604 0.0740741 0.0385417 0.037037
0 0.0973958 0.0768519 0.0322917 0.0425926
0 0.264583 0.0518519 0.0375 0.0407407
0 0.325 0.0638889 0.0416667 0.0648148
0 0.0625 0.102778 0.0416667 0.0574074
0 0.141667 0.117593 0.0479167 0.0537037
0 0.366667 0.101852 0.0520833 0.0592593
0 0.165104 0.219444 0.065625 0.0944444
0 0.0380208 0.17037 0.0447917 0.0666667
0 0.571875 0.253704 0.102083 0.0925926
0 0.594271 0.175926 0.0697917 0.0777778
0 0.204688 0.507407 0.105208 0.162963
0 0.742188 0.649074 0.203125 0.238889
