0 0.483854 0.288889 0.0635417 0.0740741
0 0.232292 0.280556 0.05625 0.0796296
0 0.0848958 0.841667 0.167708 0.301852
0 0.106771 0.236111 0.0302083 0.05
0 0.597917 0.3 0.0875 0.0740741
0 0.204688 0.32037 0.0489583 0.0666667
0 0.961979 0.416667 0.0739583 0.118519
0 0.777083 0.350926 0.127083 0.124074
0 0.795313 0.585185 0.173958 0.214815
0 0.725521 0.464815 0.151042 0.118519
0 0.5625 0.384259 0.110417 0.105556
0 0.954687 0.741667 0.090625 0.164815
0 0.297396 0.387963 0.0739583 0.0944444
0 0.217708 0.400926 0.0708333 0.0981481
0 0.4875 0.468519 0.15 0.118519
0 0.920833 0.567593 0.158333 0.201852
0 0.571875 0.597222 0.160417 0.175926
0 0.804688 0.772222 0.276042 0.348148
0 0.576042 0.787037 0.204167 0.292593
