0 0.333854 0.286111 0.0322917 0.0388889
0 0.053125 0.387037 0.0479167 0.0481481
0 0.309896 0.29537 0.0239583 0.0462963
0 0.788542 0.353704 0.0291667 0.0444444
0 0.820833 0.375 0.0416667 0.0537037
0 0.227604 0.352778 0.059375 0.0537037
0 0.76875 0.339815 0.0354167 0.0388889
0 0.596875 0.257407 0.025 0.0259259
0 0.294271 0.310185 0.0302083 0.0425926
0 0.270833 0.327778 0.0354167 0.0444444
0 0.853646 0.402778 0.0552083 0.0537037
0 0.9 0.427778 0.0833333 0.0851852
0 0.116146 0.435185 0.0802083 0.0888889
0 0.944271 0.471296 0.090625 0.087037
0 0.976042 0.505556 0.0479167 0.0666667
0 0.986458 0.558333 0.0270833 0.101852
0 0.613542 0.34537 0.0354167 0.05
0 0.245312 0.346296 0.040625 0.0518519
0 0.0130208 0.536111 0.0260417 0.0833333
0 0.213542 0.367593 0.0479167 0.0537037
