0 0.721354 0.0444444 0.028125 0.0444444
0 0.884896 0.0296296 0.0177083 0.0259259
0 0.695312 0.12963 0.0385417 0.0518519
0 0.845833 0.0657407 0.0229167 0.0388889
0 0.95625 0.0388889 0.01875 0.0296296
0 0.936979 0.0296296 0.0197917 0.0259259
0 0.981771 0.125926 0.0322917 0.0518519
0 0.886979 0.075 0.0260417 0.0388889
0 0.977083 0.0703704 0.0270833 0.0407407
0 0.536979 0.168519 0.0552083 0.0555556
0 0.84375 0.17963 0.04375 0.062963
0 0.771875 0.175 0.0479167 0.0611111
0 0.795833 0.257407 0.05625 0.0814815
0 0.486979 0.890741 0.228125 0.214815
0 0.151042 0.37963 0.120833 0.122222
0 0.179167 0.482407 0.15 0.172222
