0 0.601042 0.0416667 0.0270833 0.0425926
0 0.5875 0.102778 0.0333333 0.0796296
0 0.25625 0.226852 0.0520833 0.0833333
0 0.04375 0.797222 0.0875 0.172222
0 0.986458 0.235185 0.0270833 0.0888889
0 0.871354 0.132407 0.0572917 0.0759259
0 0.616146 0.0842593 0.0322917 0.0537037
0 0.688542 0.137037 0.0479167 0.0703704
0 0.233333 0.262037 0.0708333 0.0944444
0 0.967708 0.863889 0.0645833 0.261111
0 0.610417 0.162963 0.05 0.0814815
0 0.192188 0.307407 0.0822917 0.111111
0 0.851562 0.22037 0.0677083 0.0888889
0 0.75625 0.950926 0.172917 0.0907407
0 0.09375 0.422222 0.0895833 0.12963
0 0.04375 0.486111 0.0875 0.164815
0 0.142708 0.359259 0.0916667 0.122222
0 0.819271 0.432407 0.109375 0.205556
0 0.632812 0.271296 0.078125 0.146296
0 0.747396 0.287963 0.0802083 0.112963
0 0.615625 0.382407 0.0833333 0.146296
0 0.685938 0.509259 0.117708 0.27037
