0 0.542188 0.0990741 0.0197917 0.0314815
0 0.679688 0.0796296 0.0177083 0.0259259
0 0.493229 0.141667 0.0260417 0.0462963
0 0.610937 0.126852 0.021875 0.0388889
0 0.448438 0.141667 0.0239583 0.0351852
0 0.519271 0.175 0.0302083 0.0462963
0 0.465625 0.19537 0.03125 0.05
0 0.361458 0.247222 0.0416667 0.0574074
0 0.509375 0.224074 0.0395833 0.0703704
0 0.230729 0.322222 0.0614583 0.1
0 0.763542 0.477778 0.0875 0.17037
0 0.318229 0.316667 0.0572917 0.0888889
0 0.651563 0.269444 0.0510417 0.0907407
0 0.185417 0.483333 0.0895833 0.151852
0 0.750521 0.324074 0.059375 0.0814815
0 0.4875 0.325 0.0520833 0.0796296
0 0.818229 0.3 0.0614583 0.0703704
0 0.407813 0.336111 0.053125 0.0796296
0 0.164062 0.757407 0.140625 0.274074
0 0.951563 0.888889 0.096875 0.214815
0 0.406771 0.60463 0.096875 0.164815
0 0.281771 0.523148 0.0885417 0.131481
