0 0.330208 0.269444 0.025 0.0388889
0 0.00625 0.865741 0.0125 0.0944444
0 0.539062 0.205556 0.0177083 0.0222222
0 0.510938 0.203704 0.015625 0.0185185
0 0.791667 0.300926 0.0395833 0.0388889
0 0.0822917 0.62963 0.09375 0.114815
0 0.880729 0.332407 0.034375 0.05
0 0.985417 0.407407 0.0291667 0.0666667
0 0.608333 0.213889 0.025 0.0314815
0 0.961458 0.383333 0.0666667 0.0666667
0 0.576563 0.232407 0.0197917 0.0388889
0 0.229167 0.341667 0.0479167 0.0611111
0 0.919792 0.355556 0.05625 0.062963
0 0.595312 0.308333 0.034375 0.05
