0 0.771354 0.216667 0.0364583 0.0518519
0 0.690625 0.19537 0.03125 0.0462963
0 0.666667 0.146296 0.0270833 0.037037
0 0.426042 0.187963 0.0333333 0.0462963
0 0.470833 0.123148 0.01875 0.0277778
0 0.539062 0.152778 0.0260417 0.0388889
0 0.632812 0.169444 0.0302083 0.0462963
0 0.952604 0.350926 0.0822917 0.0833333
0 0.642187 0.221296 0.040625 0.0574074
0 0.719271 0.241667 0.0427083 0.0759259
0 0.836979 0.301852 0.0572917 0.0703704
0 0.502083 0.264815 0.0416667 0.0666667
0 0.272396 0.381481 0.065625 0.125926
0 0.665104 0.323148 0.0489583 0.0759259
0 0.704167 0.472222 0.0791667 0.125926
0 0.83125 0.800926 0.127083 0.205556
0 0.908333 0.562963 0.116667 0.144444
