0 0.390104 0.0851852 0.0364583 0.0555556
0 0.238542 0.169444 0.0458333 0.0685185
0 0.897917 0.0472222 0.0208333 0.0425926
0 0.942187 0.0675926 0.0322917 0.0388889
0 0.965104 0.0759259 0.040625 0.0481481
0 0.331771 0.150926 0.0427083 0.0537037
0 0.35 0.132407 0.0354167 0.0574074
0 0.367188 0.112037 0.034375 0.0537037
0 0.297917 0.174074 0.0604167 0.0592593
0 0.932813 0.062963 0.0260417 0.0407407
0 0.239063 0.249074 0.0510417 0.0833333
0 0.791146 0.0731481 0.034375 0.0537037
0 0.0348958 0.513889 0.0697917 0.172222
0 0.723437 0.1 0.040625 0.0555556
0 0.217187 0.27963 0.065625 0.0962963
0 0.0765625 0.438889 0.0885417 0.125926
0 0.125521 0.381481 0.0885417 0.125926
0 0.795313 0.199074 0.0572917 0.0796296
0 0.176042 0.326852 0.08125 0.112963
