0 0.0307292 0.352778 0.0552083 0.0907407
0 0.197917 0.182407 0.0270833 0.0277778
0 0.660417 0.234259 0.0520833 0.05
0 0.0557292 0.27037 0.0322917 0.0555556
0 0.0421875 0.205556 0.0260417 0.0444444
0 0.546875 0.256481 0.0708333 0.0574074
0 0.930729 0.314815 0.090625 0.0740741
0 0.71875 0.24537 0.0666667 0.0574074
0 0.844271 0.288889 0.090625 0.0555556
0 0.420833 0.211111 0.0458333 0.0481481
0 0.242708 0.226852 0.0416667 0.05
0 0.326042 0.281481 0.05 0.062963
0 0.481771 0.492593 0.130208 0.148148
