0 0.853125 0.0148148 0.025 0.0296296
0 0.306771 0.112963 0.0447917 0.062963
0 0.36875 0.0416667 0.0333333 0.0425926
0 0.300521 0.0592593 0.0447917 0.0518519
0 0.982813 0.0148148 0.034375 0.0296296
0 0.347917 0.0805556 0.0729167 0.05
0 0.879167 0.0212963 0.0458333 0.0425926
0 0.440625 0.012037 0.025 0.0240741
0 0.290625 0.137963 0.0479167 0.0685185
0 0.941146 0.0175926 0.0427083 0.0351852
0 0.986458 0.0731481 0.0270833 0.0537037
0 0.260417 0.172222 0.0604167 0.0777778
0 0.224479 0.208333 0.0635417 0.0759259
0 0.964583 0.0574074 0.05625 0.0555556
0 0.194792 0.259259 0.0729167 0.103704
0 0.0328125 0.486111 0.065625 0.187037
0 0.141146 0.310185 0.096875 0.124074
