0 0.584375 0.0148148 0.0229167 0.0259259
0 0.243229 0.239815 0.0614583 0.0981481
0 0.775 0.0944444 0.0416667 0.0592593
0 0.647917 0.0916667 0.0375 0.0944444
0 0.604688 0.0472222 0.0260417 0.0462963
0 0.53125 0.114815 0.0354167 0.0592593
0 0.561458 0.0768519 0.0354167 0.0611111
0 0.600521 0.118519 0.040625 0.0777778
0 0.227083 0.272222 0.0666667 0.0962963
0 0.980729 0.209259 0.0385417 0.0888889
0 0.831771 0.130556 0.046875 0.0722222
0 0.0447917 0.487963 0.0895833 0.142593
0 0.0854167 0.42963 0.0916667 0.125926
0 0.544792 0.157407 0.04375 0.0703704
0 0.186979 0.319444 0.0802083 0.112963
0 0.135417 0.37037 0.0916667 0.125926
0 0.609896 0.173148 0.0489583 0.0796296
0 0.0552083 0.659259 0.110417 0.22963
0 0.917188 0.227778 0.078125 0.1
0 0.678125 0.157407 0.05 0.0777778
0 0.598437 0.27963 0.0697917 0.107407
0 0.731771 0.313889 0.0822917 0.127778
