0 0.957812 0.0583333 0.015625 0.0240741
0 0.889583 0.127778 0.0229167 0.0333333
0 0.855729 0.126852 0.0239583 0.0314815
0 0.766146 0.112963 0.028125 0.0333333
0 0.738542 0.128704 0.0270833 0.0388889
0 0.928125 0.143519 0.025 0.0388889
0 0.816146 0.175 0.028125 0.0351852
0 0.870833 0.160185 0.0291667 0.0425926
0 0.976042 0.550926 0.0479167 0.142593
0 0.496354 0.260185 0.0614583 0.0611111
0 0.678646 0.364815 0.071875 0.0888889
0 0.815625 0.638889 0.104167 0.174074
0 0.5875 0.724074 0.154167 0.225926
