0 0.567187 0.0777778 0.0322917 0.0444444
0 0.386979 0.150926 0.0489583 0.0722222
0 0.657292 0.187037 0.0520833 0.0888889
0 0.643229 0.136111 0.0427083 0.0648148
0 0.599479 0.0259259 0.0239583 0.0481481
0 0.135417 0.164815 0.0604167 0.062963
0 0.01875 0.251852 0.0375 0.0851852
0 0.891146 0.126852 0.053125 0.0759259
0 0.467187 0.110185 0.034375 0.0537037
0 0.348958 0.172222 0.0729167 0.0703704
0 0.580208 0.136111 0.0416667 0.0759259
0 0.0494792 0.162963 0.040625 0.0666667
0 0.279167 0.196296 0.0770833 0.0925926
0 0.982292 0.203704 0.0354167 0.103704
0 0.641146 0.27037 0.0864583 0.122222
0 0.961979 0.147222 0.0760417 0.0648148
0 0.868229 0.907407 0.196875 0.177778
0 0.777083 0.167593 0.075 0.0722222
0 0.0432292 0.317593 0.084375 0.109259
0 0.45625 0.260185 0.0604167 0.101852
0 0.617708 0.431481 0.0916667 0.140741
