0 0.506771 0.0731481 0.0739583 0.0425926
0 0.296354 0.106481 0.0260417 0.0351852
0 0.810417 0.126852 0.05625 0.0648148
0 0.167708 0.140741 0.0333333 0.037037
0 0.009375 0.115741 0.01875 0.0277778
0 0.970312 0.133333 0.0552083 0.0777778
0 0.54375 0.15 0.0666667 0.0592593
0 0.583854 0.161111 0.0489583 0.0481481
0 0.890104 0.238889 0.113542 0.0814815
0 0.113021 0.209259 0.0427083 0.0592593
0 0.739583 0.196296 0.0833333 0.0703704
0 0.0265625 0.160185 0.028125 0.0388889
0 0.0270833 0.213889 0.0395833 0.0537037
0 0.447396 0.32037 0.111458 0.103704
0 0.286979 0.505556 0.136458 0.185185
0 0.646875 0.347222 0.147917 0.138889
