0 0.109896 0.123148 0.0302083 0.05
0 0.967188 0.967593 0.065625 0.0611111
0 0.0697917 0.160185 0.0354167 0.05
0 0.410417 0.113889 0.0458333 0.0537037
0 0.141667 0.155556 0.0375 0.0555556
0 0.158333 0.285185 0.075 0.122222
0 0.259896 0.201852 0.053125 0.0703704
0 0.864062 0.399074 0.153125 0.109259
0 0.0421875 0.276852 0.0510417 0.0833333
0 0.302604 0.394444 0.0864583 0.125926
0 0.825521 0.266667 0.109375 0.0851852
0 0.220313 0.242593 0.053125 0.0740741
0 0.934375 0.819444 0.13125 0.238889
0 0.765104 0.312037 0.113542 0.0981481
0 0.395312 0.313889 0.0822917 0.101852
