0 0.0536458 0.386111 0.046875 0.0462963
0 0.822396 0.374074 0.046875 0.0518519
0 0.333854 0.286111 0.0322917 0.0425926
0 0.790104 0.355556 0.0322917 0.0407407
0 0.309896 0.296296 0.021875 0.0444444
0 0.769271 0.338889 0.0364583 0.0407407
0 0.604167 0.255556 0.0145833 0.0259259
0 0.244792 0.344444 0.0416667 0.0481481
0 0.295312 0.309259 0.0322917 0.0407407
0 0.853646 0.402778 0.0552083 0.0537037
0 0.943229 0.471296 0.0885417 0.087037
0 0.270833 0.326852 0.0375 0.0462963
0 0.113542 0.434259 0.0833333 0.0907407
0 0.986458 0.556481 0.0270833 0.0833333
0 0.976042 0.505556 0.0479167 0.0666667
0 0.900521 0.426852 0.0822917 0.087037
0 0.6 0.30463 0.0270833 0.0351852
0 0.0125 0.536111 0.025 0.0833333
0 0.213542 0.366667 0.05 0.0555556
