0 0.620833 0.15 0.0291667 0.037037
0 0.00833333 0.0546296 0.0166667 0.0277778
0 0.0567708 0.0444444 0.0614583 0.037037
0 0.607292 0.114815 0.01875 0.0259259
0 0.455729 0.137037 0.0239583 0.037037
0 0.361979 0.198148 0.0302083 0.0592593
0 0.482812 0.15463 0.0302083 0.0537037
0 0.709375 0.112037 0.0229167 0.0314815
0 0.724479 0.174074 0.0322917 0.0407407
0 0.461458 0.198148 0.0333333 0.0555556
0 0.654688 0.136111 0.0260417 0.0537037
0 0.529688 0.162963 0.0260417 0.037037
0 0.626562 0.176852 0.034375 0.0574074
0 0.446875 0.255556 0.0395833 0.0592593
0 0.4125 0.202778 0.03125 0.0462963
0 0.316667 0.249074 0.0416667 0.0611111
0 0.210938 0.451852 0.0927083 0.151852
0 0.873438 0.333333 0.0635417 0.0888889
0 0.367708 0.262037 0.0416667 0.0685185
0 0.691667 0.209259 0.0416667 0.0666667
0 0.6375 0.250926 0.0395833 0.0611111
0 0.773438 0.37963 0.0677083 0.1
0 0.394271 0.339815 0.0510417 0.101852
0 0.189063 0.751852 0.134375 0.203704
0 0.729688 0.664815 0.101042 0.162963
