0 0.757292 0.0916667 0.01875 0.0314815
0 0.653125 0.128704 0.0291667 0.0388889
0 0.938542 0.062037 0.0166667 0.0240741
0 0.722396 0.121296 0.0239583 0.0425926
0 0.811979 0.187037 0.046875 0.0851852
0 0.895312 0.105556 0.0197917 0.0296296
0 0.852604 0.110185 0.0239583 0.0388889
0 0.665625 0.209259 0.0458333 0.0481481
0 0.871354 0.152778 0.028125 0.0425926
0 0.638542 0.161111 0.0333333 0.0407407
0 0.689583 0.151852 0.0354167 0.0481481
0 0.971875 0.139815 0.0270833 0.0388889
0 0.951563 0.224074 0.0385417 0.062963
0 0.596354 0.217593 0.046875 0.0574074
0 0.892187 0.267593 0.0447917 0.0685185
0 0.461979 0.375926 0.090625 0.103704
0 0.4125 0.355556 0.09375 0.0962963
0 0.0453125 0.658333 0.090625 0.142593
0 0.521354 0.586111 0.142708 0.172222
