0 0.782812 0.167593 0.034375 0.05
0 0.633333 0.149074 0.0270833 0.0351852
0 0.75 0.130556 0.0270833 0.0388889
0 0.536458 0.124074 0.025 0.0407407
0 0.733854 0.168519 0.0322917 0.0481481
0 0.423438 0.178704 0.0302083 0.0462963
0 0.497396 0.125 0.0239583 0.0388889
0 0.630208 0.185185 0.0291667 0.0407407
0 0.9875 0.398148 0.025 0.0814815
0 0.685938 0.169444 0.0322917 0.0425926
0 0.482812 0.175 0.0322917 0.05
0 0.714583 0.218519 0.0395833 0.0592593
0 0.904167 0.281481 0.0604167 0.0703704
0 0.51875 0.200926 0.0354167 0.0537037
0 0.451042 0.22963 0.0375 0.0592593
0 0.643229 0.232407 0.0385417 0.0537037
0 0.76875 0.341667 0.0645833 0.109259
0 0.669271 0.297222 0.046875 0.0648148
0 0.864583 0.328704 0.06875 0.0833333
0 0.701042 0.461111 0.0854167 0.151852
0 0.847396 0.471296 0.090625 0.12037
0 0.38125 0.373148 0.0645833 0.0944444
0 0.275521 0.391667 0.071875 0.0981481
0 0.394271 0.647222 0.107292 0.190741
0 0.157292 0.407407 0.0791667 0.107407
0 0.209896 0.717593 0.134375 0.201852
