0 0.563021 0.123148 0.0677083 0.0462963
0 0.0708333 0.219444 0.0354167 0.0462963
0 0.813542 0.173148 0.0583333 0.0685185
0 0.229687 0.211111 0.0427083 0.0518519
0 0.894271 0.282407 0.113542 0.0796296
0 0.503125 0.114815 0.0541667 0.0444444
0 0.971875 0.177778 0.0520833 0.0777778
0 0.0682292 0.260185 0.0385417 0.0574074
0 0.138021 0.262037 0.0489583 0.0722222
0 0.271354 0.259259 0.059375 0.062963
0 0.744271 0.242593 0.084375 0.0740741
0 0.190104 0.343519 0.0697917 0.0907407
0 0.571354 0.368519 0.121875 0.111111
0 0.58125 0.65 0.222917 0.274074
0 0.444271 0.811111 0.221875 0.340741
