0 0.619792 0.0796296 0.025 0.0555556
0 0.756771 0.112963 0.0302083 0.037037
0 0.680208 0.134259 0.0291667 0.0425926
0 0.383854 0.211111 0.0427083 0.0592593
0 0.925521 0.264815 0.0635417 0.0740741
0 0.455729 0.182407 0.0364583 0.0537037
0 0.653125 0.211111 0.0375 0.0666667
0 0.498958 0.217593 0.0458333 0.0833333
0 0.803125 0.227778 0.0479167 0.0666667
0 0.309896 0.255556 0.0489583 0.0703704
0 0.913542 0.587037 0.122917 0.192593
0 0.898958 0.334259 0.075 0.0907407
0 0.272396 0.527778 0.096875 0.196296
0 0.677083 0.360185 0.0729167 0.168519
0 0.751042 0.641667 0.11875 0.183333
0 0.177604 0.359259 0.0760417 0.0925926
0 0.346875 0.701852 0.135417 0.259259
0 0.116146 0.562037 0.115625 0.164815
