0 0.981771 0.112963 0.034375 0.0555556
0 0.594792 0.122222 0.0375 0.0555556
0 0.227083 0.307407 0.0875 0.0925926
0 0.180208 0.358333 0.0375 0.0981481
0 0.742708 0.0888889 0.025 0.0407407
0 0.252083 0.311111 0.0416667 0.0851852
0 0.268229 0.281481 0.053125 0.0777778
0 0.390104 0.173148 0.034375 0.0462963
0 0.0328125 0.502778 0.065625 0.105556
0 0.650521 0.114815 0.028125 0.0592593
0 0.591667 0.15 0.0416667 0.0592593
0 0.758333 0.134259 0.0354167 0.0537037
0 0.0833333 0.446296 0.0770833 0.0888889
0 0.140104 0.403704 0.0864583 0.111111
0 0.641667 0.175926 0.0395833 0.062963
0 0.591146 0.210185 0.0427083 0.0722222
0 0.405208 0.531482 0.104167 0.17037
0 0.546354 0.335185 0.0677083 0.103704
0 0.277604 0.869444 0.213542 0.257407
