0 0.589063 0.202778 0.0864583 0.0759259
0 0.988021 0.338889 0.0239583 0.107407
0 0.519271 0.271296 0.0822917 0.105556
0 0.302083 0.291667 0.0770833 0.101852
0 0.816667 0.266667 0.1375 0.12963
0 0.808854 0.403704 0.165625 0.122222
0 0.951563 0.488889 0.096875 0.181481
0 0.632292 0.334259 0.133333 0.109259
0 0.965625 0.652778 0.06875 0.153704
0 0.835938 0.517593 0.180208 0.216667
0 0.361458 0.344444 0.0770833 0.103704
0 0.438021 0.407407 0.113542 0.133333
0 0.651042 0.440741 0.166667 0.144444
0 0.829687 0.691667 0.278125 0.342593
0 0.594271 0.523148 0.161458 0.175926
