0 0.307292 0.151852 0.025 0.0444444
0 0.854688 0.146296 0.059375 0.0592593
0 0.0630208 0.275926 0.0510417 0.0666667
0 0.575 0.0787037 0.0229167 0.0314815
0 0.953125 0.148148 0.0791667 0.062963
0 0.579167 0.0935185 0.025 0.0462963
0 0.638021 0.0592593 0.021875 0.0259259
0 0.939062 0.196296 0.0614583 0.062963
0 0.159375 0.22037 0.0604167 0.0740741
0 0.970833 0.212037 0.0583333 0.0685185
0 0.617708 0.10463 0.0291667 0.0537037
0 0.85625 0.956481 0.19375 0.0833333
0 0.294792 0.159259 0.025 0.0444444
0 0.278646 0.171296 0.028125 0.0425926
0 0.0645833 0.353704 0.0333333 0.0777778
0 0.206771 0.22037 0.053125 0.062963
0 0.261458 0.184259 0.03125 0.05
0 0.499479 0.0944444 0.021875 0.0333333
0 0.238542 0.202778 0.0416667 0.0537037
0 0.529167 0.0833333 0.0208333 0.0296296
0 0.642708 0.164815 0.0395833 0.0555556
0 0.501562 0.148148 0.0302083 0.0481481
0 0.126563 0.286111 0.0510417 0.0722222
0 0.0921875 0.317593 0.0677083 0.087037
0 0.652083 0.284259 0.0583333 0.087037
0 0.74375 0.532407 0.125 0.205556
