0 0.605208 0.201852 0.0229167 0.0518519
0 0.819271 0.159259 0.053125 0.0555556
0 0.3125 0.15 0.0375 0.0333333
0 0.0822917 0.205556 0.0333333 0.0444444
0 0.0270833 0.202778 0.025 0.0351852
0 0.222917 0.199074 0.0416667 0.0462963
0 0.975 0.164815 0.05 0.0851852
0 0.0526042 0.232407 0.0364583 0.0537037
0 0.5125 0.111111 0.0729167 0.0444444
0 0.942187 0.930556 0.115625 0.135185
0 0.748438 0.232407 0.0864583 0.0722222
0 0.147917 0.316667 0.0541667 0.0777778
0 0.680729 0.493519 0.178125 0.146296
0 0.7375 0.439815 0.175 0.127778
0 0.425521 0.296296 0.0885417 0.0814815
0 0.392188 0.462963 0.115625 0.155556
0 0.561979 0.843518 0.278125 0.301852
