0 0.2 0.264815 0.0520833 0.0777778
0 0.700521 0.0833333 0.059375 0.0592593
0 0.567708 0.0666667 0.0458333 0.0555556
0 0.426562 0.152778 0.0572917 0.0648148
0 0.608854 0.0472222 0.0489583 0.05
0 0.229167 0.255556 0.104167 0.0851852
0 0.709375 0.116667 0.0729167 0.0925926
0 0.46875 0.121296 0.06875 0.0648148
0 0.521875 0.0925926 0.05625 0.062963
0 0.120833 0.316667 0.116667 0.107407
0 0.0354167 0.374074 0.0708333 0.103704
0 0.770312 0.0425926 0.0552083 0.0592593
0 0.0333333 0.553704 0.0666667 0.118519
0 0.5125 0.234259 0.108333 0.112963
