0 0.470313 0.242593 0.015625 0.0296296
0 0.501562 0.233333 0.0197917 0.0259259
0 0.707812 0.242593 0.0197917 0.0259259
0 0.523958 0.233333 0.01875 0.0296296
0 0.654688 0.249074 0.021875 0.0240741
0 0.976562 0.294444 0.046875 0.037037
0 0.746354 0.271296 0.046875 0.0425926
0 0.25 0.341667 0.0479167 0.0574074
0 0.282292 0.305556 0.0375 0.062963
0 0.377083 0.278704 0.03125 0.0351852
0 0.335417 0.271296 0.0416667 0.05
0 0.484375 0.269444 0.025 0.0314815
0 0.5 0.35 0.0354167 0.0592593
0 0.592188 0.260185 0.0260417 0.0351852
0 0.328125 0.465741 0.06875 0.101852
0 0.265104 0.799074 0.178125 0.37963
