0 0.203125 0.263889 0.05625 0.0759259
0 0.028125 0.291667 0.0479167 0.0314815
0 0.635417 0.0287037 0.03125 0.0537037
0 0.45 0.134259 0.104167 0.0722222
0 0.609896 0.0453704 0.0489583 0.0537037
0 0.428125 0.149074 0.0583333 0.0648148
0 0.311979 0.306481 0.119792 0.0796296
0 0.571875 0.0675926 0.0541667 0.0574074
0 0.230729 0.250926 0.103125 0.0833333
0 0.122917 0.317593 0.11875 0.112963
0 0.469792 0.12037 0.0645833 0.062963
0 0.295312 0.409259 0.157292 0.218519
0 0.521875 0.0916667 0.0541667 0.0611111
0 0.0359375 0.373148 0.0697917 0.105556
0 0.642708 0.137037 0.0791667 0.0888889
