0 0.924479 0.0583333 0.0177083 0.0277778
0 0.607292 0.152778 0.0333333 0.0425926
0 0.917188 0.0944444 0.0197917 0.0296296
0 0.851562 0.146296 0.028125 0.0407407
0 0.950521 0.158333 0.0322917 0.0462963
0 0.384896 0.327778 0.103125 0.12963
0 0.864583 0.115741 0.0229167 0.0388889
0 0.950521 0.0833333 0.0197917 0.0333333
0 0.898958 0.137037 0.0270833 0.0444444
0 0.415104 0.25463 0.059375 0.0648148
0 0.579687 0.240741 0.053125 0.0888889
0 0.363021 0.447222 0.130208 0.131481
0 0.541146 0.222222 0.053125 0.0592593
0 0.733333 0.237963 0.05625 0.0722222
0 0.806771 0.256481 0.0489583 0.0648148
0 0.302083 0.305556 0.0895833 0.1
0 0.689583 0.508333 0.104167 0.142593
