0 0.114063 0.184259 0.0260417 0.0240741
0 0.190625 0.176852 0.03125 0.0351852
0 0.554167 0.239815 0.05 0.05
0 0.461458 0.22037 0.0479167 0.037037
0 0.0515625 0.157407 0.0239583 0.0296296
0 0.922917 0.331481 0.08125 0.0592593
0 0.26875 0.22037 0.0604167 0.0518519
0 0.6125 0.248148 0.06875 0.0555556
0 0.454688 0.280556 0.078125 0.0574074
0 0.742708 0.285185 0.0729167 0.0555556
0 0.816667 0.305556 0.0875 0.0666667
0 0.45625 0.32037 0.0854167 0.0703704
0 0.0807292 0.217593 0.034375 0.0388889
0 0.935938 0.430556 0.128125 0.101852
0 0.286979 0.338889 0.078125 0.0962963
0 0.509896 0.473148 0.144792 0.15
