0 0.201042 0.343519 0.0895833 0.116667
0 0.357812 0.156481 0.0447917 0.0574074
0 0.764583 0.119444 0.0333333 0.0648148
0 0.572917 0.0768519 0.0229167 0.0388889
0 0.239063 0.280556 0.0489583 0.0796296
0 0.216146 0.313889 0.0697917 0.0944444
0 0.628646 0.144444 0.0427083 0.0888889
0 0.540104 0.134259 0.0364583 0.0611111
0 0.176042 0.362037 0.0833333 0.109259
0 0.075 0.474074 0.0916667 0.137037
0 0.125 0.413889 0.0875 0.124074
0 0.0359375 0.547222 0.071875 0.17963
0 0.574479 0.212037 0.046875 0.0759259
0 0.4 0.237037 0.125 0.0888889
0 0.767708 0.449074 0.1 0.15
0 0.617188 0.380556 0.0802083 0.127778
