0 0.400521 0.155556 0.0260417 0.037037
0 0.733333 0.203704 0.0395833 0.0518519
0 0.340104 0.191667 0.0447917 0.087037
0 0.519271 0.135185 0.021875 0.0333333
0 0.648958 0.159259 0.0270833 0.037037
0 0.48125 0.132407 0.025 0.0388889
0 0.432813 0.162963 0.028125 0.0407407
0 0.665625 0.207407 0.0354167 0.0555556
0 0.6 0.152778 0.025 0.0462963
0 0.617188 0.212037 0.034375 0.0537037
0 0.434896 0.226852 0.0364583 0.0574074
0 0.632292 0.283333 0.0520833 0.0777778
0 0.941667 0.357407 0.0708333 0.0814815
0 0.672396 0.453704 0.0677083 0.107407
0 0.884896 0.435185 0.0864583 0.103704
0 0.74375 0.82963 0.14375 0.240741
0 0.796875 0.472222 0.0854167 0.114815
0 0.0770833 0.897222 0.154167 0.201852
0 0.0942708 0.608333 0.119792 0.164815
