0 0.923958 0.0759259 0.0291667 0.0407407
0 0.626562 0.159259 0.0489583 0.0555556
0 0.866146 0.0842593 0.0322917 0.0462963
0 0.979167 0.0907407 0.03125 0.0481481
0 0.135937 0.422222 0.132292 0.122222
0 0.777083 0.143519 0.0458333 0.0537037
0 0.128646 0.480556 0.161458 0.227778
0 0.795833 0.223148 0.0541667 0.0759259
0 0.971354 0.447222 0.0572917 0.138889
0 0.440104 0.213889 0.071875 0.0722222
0 0.184375 0.318519 0.1 0.0962963
0 0.579167 0.439815 0.129167 0.161111
0 0.703125 0.256481 0.0666667 0.0833333
0 0.86875 0.389815 0.075 0.116667
0 0.411458 0.889815 0.258333 0.212963
0 0.160938 0.583333 0.171875 0.214815
