0 0.586979 0.194444 0.084375 0.0777778
0 0.982292 0.200926 0.0354167 0.0388889
0 0.520312 0.262963 0.084375 0.103704
0 0.725521 0.235185 0.115625 0.0962963
0 0.300521 0.282407 0.078125 0.105556
0 0.908333 0.289815 0.1625 0.146296
0 0.953125 0.482407 0.09375 0.17963
0 0.809375 0.39537 0.166667 0.12037
0 0.836979 0.50463 0.182292 0.216667
0 0.632812 0.323148 0.134375 0.116667
0 0.361979 0.336111 0.0760417 0.101852
0 0.966667 0.64537 0.0666667 0.157407
0 0.4375 0.398148 0.114583 0.133333
0 0.651042 0.432407 0.166667 0.146296
0 0.594792 0.512963 0.160417 0.174074
0 0.826563 0.680556 0.278125 0.338889
