0 0.941146 0.075 0.015625 0.0240741
0 0.0416667 0.0740741 0.0833333 0.0851852
0 0.714583 0.12963 0.0333333 0.037037
0 0.797396 0.102778 0.0239583 0.0240741
0 0.757812 0.106481 0.0197917 0.0314815
0 0.939062 0.10463 0.0177083 0.0314815
0 0.914062 0.0962963 0.0177083 0.0333333
0 0.0104167 0.10463 0.0208333 0.0277778
0 0.0822917 0.0990741 0.0854167 0.0388889
0 0.765625 0.143519 0.0270833 0.0351852
0 0.715625 0.161111 0.0270833 0.0333333
0 0.582812 0.186111 0.0385417 0.0462963
0 0.692187 0.552778 0.121875 0.209259
0 0.622396 0.193519 0.0385417 0.0425926
0 0.625521 0.255556 0.0447917 0.062963
0 0.795833 0.218519 0.0395833 0.0518519
0 0.520312 0.25 0.0510417 0.0518519
0 0.0510417 0.615741 0.1 0.175926
0 0.372917 0.440741 0.110417 0.122222
