0 0.608854 0.0685185 0.0177083 0.0296296
0 0.816667 0.932407 0.177083 0.127778
0 0.323958 0.211111 0.04375 0.0555556
0 0.811979 0.174074 0.0447917 0.0555556
0 0.380208 0.157407 0.03125 0.0444444
0 0.433854 0.144444 0.0302083 0.0481481
0 0.748958 0.102778 0.0270833 0.0314815
0 0.484896 0.125 0.0260417 0.0388889
0 0.685938 0.137963 0.0322917 0.0425926
0 0.529688 0.126852 0.0302083 0.0537037
0 0.403646 0.27963 0.0489583 0.1
0 0.745833 0.155556 0.0354167 0.0518519
0 0.726042 0.235185 0.0479167 0.062963
0 0.310417 0.302778 0.0583333 0.0833333
0 0.484375 0.300926 0.0541667 0.0981481
0 0.691667 0.382407 0.0604167 0.105556
0 0.926562 0.399074 0.0864583 0.109259
0 0.0729167 0.480556 0.116667 0.131481
0 0.423958 0.480556 0.0854167 0.135185
