0 0.327604 0.193519 0.0427083 0.0611111
0 0.655208 0.0685185 0.025 0.0407407
0 0.902604 0.121296 0.0385417 0.0537037
0 0.992708 0.119444 0.0145833 0.0314815
0 0.328646 0.135185 0.0385417 0.0518519
0 0.229687 0.301852 0.105208 0.0851852
0 0.963021 0.123148 0.0427083 0.05
0 0.313542 0.214815 0.0458333 0.0703704
0 0.697396 0.137037 0.0322917 0.0518519
0 0.622396 0.12037 0.028125 0.0481481
0 0.755208 0.143519 0.04375 0.0685185
0 0.532292 0.17037 0.0333333 0.0592593
0 0.655208 0.187963 0.0395833 0.0759259
0 0.283333 0.248148 0.0604167 0.0777778
0 0.980208 0.163889 0.0395833 0.05
0 0.211458 0.325 0.0666667 0.0944444
0 0.248437 0.285185 0.065625 0.0851852
0 0.598437 0.205556 0.0427083 0.0703704
0 0.163542 0.376852 0.0958333 0.124074
0 0.0427083 0.544444 0.0854167 0.181481
0 0.607813 0.350926 0.0697917 0.112963
0 0.860937 0.275926 0.071875 0.0851852
0 0.842188 0.778704 0.182292 0.305556
