0 0.0286458 0.294444 0.0489583 0.0407407
0 0.568229 0.0694444 0.0427083 0.0574074
0 0.609375 0.0472222 0.0479167 0.05
0 0.807292 0.0481481 0.0520833 0.0666667
0 0.427083 0.15 0.05625 0.062963
0 0.566146 0.227778 0.105208 0.114815
0 0.521875 0.0916667 0.05625 0.0574074
0 0.230729 0.251852 0.103125 0.0851852
0 0.470313 0.12037 0.0677083 0.062963
0 0.630208 0.14537 0.0770833 0.0833333
0 0.319271 0.37037 0.134375 0.155556
0 0.122917 0.314815 0.116667 0.107407
0 0.0364583 0.373148 0.0708333 0.105556
0 0.723958 0.0796296 0.0625 0.0703704
