0 0.0973958 0.164815 0.0385417 0.0925926
0 0.969271 0.243519 0.0614583 0.0537037
0 0.213021 0.241667 0.0552083 0.0907407
0 0.102604 0.832407 0.196875 0.324074
0 0.509896 0.292593 0.0822917 0.118519
0 0.619792 0.240741 0.102083 0.0925926
0 0.726562 0.276852 0.111458 0.105556
0 0.29375 0.316667 0.0791667 0.107407
0 0.826042 0.544444 0.179167 0.222222
0 0.959896 0.683333 0.0802083 0.155556
0 0.766667 0.432407 0.158333 0.138889
0 0.911458 0.352778 0.147917 0.12037
0 0.622917 0.360185 0.13125 0.116667
0 0.946354 0.52037 0.107292 0.177778
0 0.352604 0.372222 0.0760417 0.103704
0 0.427604 0.437037 0.113542 0.137037
0 0.642187 0.467593 0.167708 0.146296
0 0.583854 0.550926 0.161458 0.175926
0 0.81875 0.719444 0.28125 0.346296
0 0.388542 0.551852 0.129167 0.166667
