0 0.778125 0.128704 0.01875 0.0240741
0 0.0109375 0.107407 0.021875 0.0296296
0 0.941667 0.102778 0.0166667 0.0240741
0 0.676562 0.167593 0.0322917 0.0425926
0 0.615104 0.202778 0.040625 0.0462963
0 0.96875 0.0916667 0.0145833 0.0314815
0 0.701042 0.177778 0.0354167 0.0481481
0 0.849479 0.151852 0.021875 0.037037
0 0.897396 0.131481 0.0197917 0.0259259
0 0.0682292 0.102778 0.109375 0.0462963
0 0.970312 0.174074 0.0260417 0.037037
0 0.801562 0.225 0.0364583 0.05
0 0.876562 0.169444 0.0239583 0.0425926
0 0.529688 0.260185 0.0552083 0.0537037
0 0.576042 0.263889 0.05625 0.0685185
0 0.784896 0.366667 0.0614583 0.0851852
0 0.525 0.343519 0.0854167 0.109259
0 0.166146 0.54537 0.148958 0.142593
0 0.434896 0.730556 0.173958 0.205556
