0 0.699479 0.100926 0.021875 0.0277778
0 0.51875 0.0601852 0.01875 0.0314815
0 0.471354 0.0796296 0.021875 0.0555556
0 0.7 0.0851852 0.0229167 0.0592593
0 0.614583 0.0759259 0.0208333 0.0333333
0 0.63125 0.112037 0.0270833 0.0425926
0 0.648438 0.0805556 0.021875 0.0277778
0 0.746354 0.101852 0.028125 0.037037
0 0.992708 0.561111 0.0145833 0.062963
0 0.467708 0.15 0.025 0.0444444
0 0.634375 0.139815 0.0291667 0.0462963
0 0.498958 0.0935185 0.0208333 0.0425926
0 0.783333 0.142593 0.0354167 0.0444444
0 0.529688 0.116667 0.028125 0.0555556
0 0.296354 0.235185 0.0489583 0.0851852
0 0.839583 0.194444 0.04375 0.0592593
0 0.669271 0.111111 0.0260417 0.037037
0 0.704167 0.174074 0.0395833 0.0592593
0 0.777604 0.193519 0.0447917 0.0611111
0 0.670313 0.202778 0.0385417 0.0611111
0 0.303125 0.290741 0.05 0.1
0 0.233854 0.360185 0.0697917 0.0944444
0 0.746875 0.289815 0.0583333 0.0759259
0 0.234375 0.60463 0.11875 0.235185
0 0.486458 0.278704 0.0520833 0.0833333
0 0.411979 0.261111 0.053125 0.0814815
