0 0.113021 0.337963 0.134375 0.105556
0 0.253646 0.228704 0.0364583 0.0796296
0 0.980729 0.025 0.0385417 0.0462963
0 0.406771 0.0768519 0.0322917 0.0425926
0 0.417708 0.0703704 0.0208333 0.0444444
0 0.178646 0.27963 0.0385417 0.0962963
0 0.234375 0.226852 0.075 0.087037
0 0.395312 0.0851852 0.034375 0.0481481
0 0.286979 0.127778 0.0427083 0.062963
0 0.367188 0.110185 0.040625 0.0537037
0 0.386979 0.0925926 0.0302083 0.0481481
0 0.0328125 0.42963 0.065625 0.111111
0 0.751042 0.0268519 0.0333333 0.05
0 0.336979 0.134259 0.059375 0.0611111
0 0.268229 0.2 0.0510417 0.0740741
0 0.139583 0.319444 0.0854167 0.0907407
0 0.0822917 0.366667 0.0770833 0.0925926
0 0.472396 0.189815 0.0552083 0.0833333
0 0.773438 0.165741 0.0677083 0.116667
0 0.446875 0.675 0.141667 0.268519
