0 0.740625 0.140741 0.0395833 0.0518519
0 0.376563 0.146296 0.0385417 0.037037
0 0.315104 0.137963 0.0364583 0.0388889
0 0.869792 0.134259 0.0625 0.0537037
0 0.821875 0.139815 0.0541667 0.05
0 0.555208 0.169444 0.06875 0.0574074
0 0.416667 0.151852 0.0520833 0.0407407
0 0.5125 0.0935185 0.0645833 0.0425926
0 0.218229 0.151852 0.0302083 0.0333333
0 0.114063 0.149074 0.021875 0.0277778
0 0.594271 0.181481 0.0447917 0.0555556
0 0.977604 0.137963 0.0447917 0.0833333
0 0.84375 0.24537 0.166667 0.105556
0 0.0130208 0.173148 0.021875 0.0277778
0 0.0588542 0.215741 0.0322917 0.0425926
0 0.748958 0.210185 0.0833333 0.0685185
0 0.29375 0.253704 0.0645833 0.0666667
0 0.0458333 0.294444 0.05625 0.0666667
