0 0.0692708 0.35463 0.046875 0.101852
0 0.971354 0.215741 0.0572917 0.0537037
0 0.519792 0.0398148 0.01875 0.0277778
0 0.0729167 0.37963 0.0270833 0.0925926
0 0.277604 0.181481 0.0239583 0.0444444
0 0.635417 0.130556 0.0270833 0.0648148
0 0.85625 0.153704 0.05 0.0555556
0 0.638542 0.0648148 0.0229167 0.0296296
0 0.951042 0.157407 0.0770833 0.0666667
0 0.938021 0.201852 0.0635417 0.062963
0 0.592708 0.0611111 0.0166667 0.0259259
0 0.290625 0.171296 0.0270833 0.0425926
0 0.242188 0.208333 0.0447917 0.05
0 0.615625 0.10463 0.0229167 0.0388889
0 0.583333 0.143519 0.0291667 0.0462963
0 0.261979 0.191667 0.034375 0.05
0 0.454688 0.131481 0.0260417 0.037037
0 0.110937 0.281481 0.0802083 0.0925926
0 0.156771 0.222222 0.053125 0.0592593
0 0.0895833 0.327778 0.0729167 0.0851852
0 0.647396 0.17963 0.0364583 0.0592593
0 0.203125 0.22963 0.0583333 0.062963
0 0.738542 0.17037 0.0625 0.0555556
0 0.851562 0.424074 0.096875 0.12963
