0 0.423958 0.125 0.0229167 0.0314815
0 0.617188 0.174074 0.0260417 0.0407407
0 0.405729 0.156481 0.021875 0.0314815
0 0.744792 0.208333 0.0354167 0.05
0 0.679167 0.185185 0.0354167 0.0518519
0 0.811458 0.275 0.0541667 0.0759259
0 0.440625 0.156481 0.0270833 0.05
0 0.466146 0.131481 0.021875 0.0333333
0 0.63125 0.212963 0.0333333 0.0555556
0 0.0348958 0.0398148 0.059375 0.0425926
0 0.727083 0.259259 0.04375 0.062963
0 0.991667 0.394444 0.0166667 0.0481481
0 0.670313 0.27963 0.0427083 0.0703704
0 0.420833 0.30463 0.0479167 0.0722222
0 0.972917 0.537037 0.0541667 0.166667
0 0.759375 0.330556 0.0583333 0.0833333
0 0.2 0.488889 0.102083 0.166667
0 0.656771 0.365741 0.059375 0.0944444
0 0.939583 0.735185 0.120833 0.185185
0 0.730729 0.637037 0.103125 0.17037
0 0.381771 0.632407 0.0989583 0.172222
0 0.0921875 0.5 0.105208 0.125926
