0 0.414583 0.0851852 0.0395833 0.0333333
0 0.981771 0.109259 0.0364583 0.0851852
0 0.211979 0.163889 0.0739583 0.0574074
0 0.324479 0.117593 0.053125 0.0462963
0 0.746354 0.0740741 0.0614583 0.0518519
0 0.597396 0.350926 0.140625 0.127778
0 0.127083 0.184259 0.0541667 0.0462963
0 0.668229 0.0953704 0.046875 0.0462963
0 0.666146 0.151852 0.0635417 0.0592593
0 0.0739583 0.218519 0.0791667 0.062963
0 0.971354 0.201852 0.0572917 0.0962963
0 0.234896 0.467593 0.103125 0.0981481
0 0.458854 0.233333 0.071875 0.0666667
0 0.177604 0.439815 0.111458 0.12037
0 0.392708 0.350926 0.0791667 0.0796296
0 0.875 0.222222 0.0916667 0.0925926
0 0.760417 0.538889 0.160417 0.177778
0 0.346875 0.721296 0.214583 0.205556
