0 0.504167 0.112037 0.0208333 0.0314815
0 0.655208 0.131481 0.025 0.0333333
0 0.704167 0.137963 0.025 0.0388889
0 0.616146 0.131481 0.0239583 0.0481481
0 0.673958 0.17037 0.03125 0.0555556
0 0.529167 0.157407 0.0291667 0.0481481
0 0.894792 0.27963 0.0666667 0.0925926
0 0.467708 0.19537 0.03125 0.0462963
0 0.359896 0.257407 0.046875 0.0592593
0 0.367708 0.698148 0.127083 0.255556
0 0.721875 0.265741 0.0479167 0.0648148
0 0.660937 0.324074 0.0489583 0.0777778
0 0.417708 0.294444 0.0520833 0.0962963
0 0.815625 0.342593 0.0645833 0.0888889
0 0.455208 0.403704 0.0625 0.111111
0 0.761979 0.7 0.113542 0.185185
0 0.931771 0.655556 0.136458 0.166667
0 0.306771 0.506481 0.084375 0.127778
