0 0.5 0.0231481 0.0229167 0.0388889
0 0.0625 0.278704 0.05 0.0685185
0 0.263542 0.187963 0.03125 0.05
0 0.248958 0.197222 0.04375 0.0611111
0 0.28125 0.172222 0.0291667 0.0444444
0 0.645312 0.0537037 0.0177083 0.0333333
0 0.29375 0.162963 0.0270833 0.0444444
0 0.855729 0.15 0.0552083 0.0592593
0 0.949479 0.153704 0.071875 0.062963
0 0.939062 0.199074 0.0614583 0.0648148
0 0.275 0.180556 0.0270833 0.05
0 0.971354 0.219444 0.0572917 0.0685185
0 0.613542 0.0824074 0.0208333 0.0314815
0 0.236979 0.208333 0.0427083 0.0574074
0 0.571875 0.0833333 0.0229167 0.037037
0 0.0640625 0.35463 0.034375 0.0796296
0 0.594792 0.0648148 0.0208333 0.0333333
0 0.640625 0.110185 0.0229167 0.0388889
0 0.64375 0.174074 0.0375 0.0592593
0 0.15625 0.215741 0.0479167 0.0648148
0 0.0916667 0.322222 0.06875 0.0851852
0 0.126563 0.290741 0.0510417 0.0740741
0 0.959896 0.934259 0.0802083 0.12037
0 0.203646 0.225 0.0572917 0.0611111
0 0.710417 0.275 0.05625 0.0833333
0 0.696354 0.686111 0.132292 0.205556
