0 0.785417 0.367593 0.0291667 0.0388889
0 0.98125 0.610185 0.0375 0.0907407
0 0.765104 0.349074 0.0302083 0.0388889
0 0.819271 0.385185 0.040625 0.0518519
0 0.267188 0.333333 0.0364583 0.0444444
0 0.476562 0.252778 0.021875 0.0277778
0 0.602083 0.262963 0.0166667 0.037037
0 0.479167 0.246296 0.0145833 0.0259259
0 0.851042 0.410185 0.05625 0.0537037
0 0.896354 0.437037 0.0822917 0.0851852
0 0.241146 0.352778 0.0385417 0.05
0 0.0104167 0.537963 0.0208333 0.0722222
0 0.109896 0.441667 0.084375 0.0907407
0 0.435937 0.344444 0.0322917 0.0555556
0 0.941146 0.477778 0.0885417 0.0814815
0 0.973958 0.524074 0.0520833 0.0925926
0 0.463021 0.262963 0.0177083 0.0259259
0 0.209896 0.373148 0.0489583 0.0537037
0 0.290104 0.712037 0.126042 0.238889
