0 0.334896 0.192593 0.040625 0.0703704
0 0.365104 0.15 0.0385417 0.0592593
0 0.736458 0.0740741 0.0291667 0.0444444
0 0.7125 0.0722222 0.0270833 0.0407407
0 0.769792 0.112963 0.0333333 0.0592593
0 0.355208 0.167593 0.0354167 0.0611111
0 0.24375 0.2 0.0458333 0.0666667
0 0.617188 0.0990741 0.0302083 0.0462963
0 0.244271 0.280556 0.0510417 0.0907407
0 0.811458 0.15 0.04375 0.0518519
0 0.558333 0.115741 0.0291667 0.05
0 0.221875 0.312037 0.0666667 0.0944444
0 0.746354 0.147222 0.040625 0.0648148
0 0.847917 0.188889 0.0479167 0.0740741
0 0.6375 0.150926 0.0354167 0.0611111
0 0.601562 0.207407 0.046875 0.0777778
0 0.08125 0.469444 0.0895833 0.135185
0 0.129688 0.407407 0.090625 0.122222
0 0.0380208 0.541667 0.0760417 0.172222
0 0.182812 0.357407 0.078125 0.111111
0 0.489062 0.219444 0.0739583 0.0796296
0 0.801562 0.226852 0.0677083 0.109259
