0 0.620313 0.112963 0.0239583 0.0333333
0 0.709896 0.182407 0.0364583 0.05
0 0.847917 0.215741 0.0479167 0.0574074
0 0.776563 0.20463 0.040625 0.0574074
0 0.636458 0.178704 0.0354167 0.0611111
0 0.686979 0.15463 0.028125 0.0537037
0 0.3 0.269444 0.0458333 0.0611111
0 0.657812 0.243519 0.0447917 0.0833333
0 0.850521 0.313889 0.0572917 0.0722222
0 0.741146 0.262037 0.0510417 0.0685185
0 0.395833 0.328704 0.0625 0.109259
0 0.931771 0.410185 0.084375 0.101852
0 0.744792 0.687963 0.11875 0.187037
0 0.817187 0.42963 0.078125 0.107407
0 0.469271 0.364815 0.0635417 0.122222
0 0.697396 0.425 0.0697917 0.105556
0 0.229687 0.783333 0.155208 0.281481
0 0.182292 0.511111 0.1 0.12963
