0 0.855208 0.180556 0.0375 0.0314815
0 0.669271 0.25 0.0385417 0.0407407
0 0.9125 0.193519 0.0145833 0.0240741
0 0.6375 0.263889 0.0354167 0.0388889
0 0.955208 0.203704 0.0208333 0.0296296
0 0.81875 0.269444 0.0354167 0.0425926
0 0.952604 0.232407 0.0239583 0.0314815
0 0.986979 0.200926 0.0260417 0.0388889
0 0.607292 0.274074 0.04375 0.0407407
0 0.754167 0.397222 0.06875 0.0722222
0 0.56875 0.291667 0.0479167 0.0462963
0 0.409375 0.341667 0.0770833 0.0759259
0 0.526042 0.30463 0.0479167 0.0462963
0 0.169271 0.397222 0.059375 0.0611111
0 0.880729 0.386111 0.0572917 0.0796296
0 0.0270833 0.550926 0.0541667 0.105556
0 0.260938 0.413889 0.0927083 0.0796296
0 0.604688 0.687037 0.155208 0.188889
