0 0.292188 0.191667 0.0614583 0.0611111
0 0.232812 0.187963 0.046875 0.0648148
0 0.707292 0.0259259 0.025 0.0407407
0 0.345313 0.153704 0.0385417 0.0555556
0 0.235417 0.264815 0.05 0.0851852
0 0.213021 0.299074 0.0697917 0.0944444
0 0.498958 0.37037 0.0791667 0.174074
0 0.579687 0.12037 0.034375 0.0555556
0 0.171354 0.337037 0.0802083 0.0925926
0 0.65 0.861111 0.210417 0.274074
0 0.652083 0.144444 0.0416667 0.062963
0 0.595833 0.159259 0.0395833 0.0740741
0 0.0708333 0.463889 0.0916667 0.135185
0 0.583333 0.219444 0.05625 0.101852
0 0.121354 0.401852 0.0927083 0.122222
0 0.0333333 0.534259 0.0666667 0.175926
0 0.830208 0.621296 0.154167 0.238889
