0 0.31875 0.193519 0.0625 0.0648148
0 0.242188 0.197222 0.0427083 0.0685185
0 0.365625 0.14537 0.0354167 0.0537037
0 0.331771 0.183333 0.0385417 0.0592593
0 0.695312 0.0564815 0.0239583 0.0388889
0 0.240625 0.275 0.0520833 0.087037
0 0.352604 0.162037 0.0385417 0.0611111
0 0.797396 0.100926 0.034375 0.0462963
0 0.567187 0.0805556 0.0302083 0.0351852
0 0.596875 0.0314815 0.01875 0.0296296
0 0.566146 0.0407407 0.0177083 0.0333333
0 0.714063 0.0722222 0.028125 0.0407407
0 0.300521 0.201852 0.059375 0.0592593
0 0.748438 0.0907407 0.028125 0.0481481
0 0.21875 0.307407 0.0645833 0.0962963
0 0.76875 0.122222 0.0375 0.0555556
0 0.566667 0.112037 0.03125 0.0537037
0 0.573958 0.223148 0.05 0.0833333
0 0.901563 0.22963 0.065625 0.0814815
0 0.127083 0.405556 0.0916667 0.122222
0 0.0770833 0.468519 0.0895833 0.133333
0 0.822396 0.151852 0.0510417 0.0814815
0 0.0364583 0.539815 0.0729167 0.175926
0 0.178646 0.355556 0.0802083 0.111111
0 0.860417 0.284259 0.08125 0.116667
0 0.672396 0.207407 0.0489583 0.0777778
