0 0.391146 0.15463 0.0447917 0.0462963
0 0.371875 0.181481 0.0458333 0.0481481
0 0.584375 0.219444 0.0395833 0.127778
0 0.60625 0.133333 0.0270833 0.037037
0 0.345833 0.212037 0.0395833 0.0574074
0 0.739062 0.161111 0.034375 0.0444444
0 0.329688 0.230556 0.0302083 0.0574074
0 0.561458 0.121296 0.0229167 0.0388889
0 0.776042 0.199074 0.0416667 0.0759259
0 0.468229 0.242593 0.103125 0.0962963
0 0.375521 0.244444 0.040625 0.062963
0 0.580729 0.183333 0.0302083 0.0703704
0 0.623958 0.159259 0.03125 0.0518519
0 0.211458 0.351852 0.0708333 0.0888889
0 0.233854 0.321296 0.0489583 0.0833333
0 0.844271 0.207407 0.040625 0.0592593
0 0.915625 0.346296 0.0791667 0.0925926
0 0.0677083 0.513889 0.0916667 0.135185
0 0.16875 0.401852 0.0791667 0.111111
0 0.590104 0.250926 0.0447917 0.0722222
0 0.118229 0.451852 0.090625 0.122222
0 0.925521 0.422222 0.096875 0.122222
0 0.0322917 0.587963 0.0645833 0.17963
0 0.905208 0.882407 0.189583 0.227778
0 0.644271 0.62037 0.113542 0.196296
