0 0.504167 0.109259 0.0208333 0.0296296
0 0.860937 0.193519 0.0322917 0.0648148
0 0.393229 0.175926 0.0385417 0.0666667
0 0.794792 0.151852 0.0375 0.0518519
0 0.452083 0.161111 0.03125 0.0518519
0 0.36875 0.223148 0.0583333 0.0685185
0 0.195312 0.299074 0.0989583 0.0722222
0 0.885417 0.212037 0.05 0.0759259
0 0.61875 0.20463 0.0395833 0.0574074
0 0.978646 0.277778 0.0427083 0.0851852
0 0.464583 0.308333 0.0625 0.0944444
0 0.391146 0.29537 0.0552083 0.087037
0 0.958854 0.22963 0.0802083 0.062963
0 0.295833 0.34537 0.0729167 0.105556
0 0.308333 0.464815 0.0895833 0.137037
0 0.186458 0.769444 0.172917 0.257407
0 0.399479 0.510185 0.0947917 0.157407
0 0.644271 0.575 0.0989583 0.157407
