0 0.597917 0.101852 0.025 0.0296296
0 0.134896 0.390741 0.0739583 0.0962963
0 0.216146 0.326852 0.0802083 0.087037
0 0.567187 0.0972222 0.021875 0.0314815
0 0.272396 0.226852 0.0447917 0.0611111
0 0.600521 0.131481 0.0260417 0.0333333
0 0.159375 0.371296 0.0375 0.0944444
0 0.234375 0.325926 0.0375 0.0777778
0 0.956771 0.150926 0.0364583 0.05
0 0.251042 0.294444 0.05 0.0703704
0 0.698438 0.0814815 0.0177083 0.0333333
0 0.413021 0.877778 0.194792 0.237037
0 0.318229 0.232407 0.0552083 0.0611111
0 0.560417 0.140741 0.025 0.0407407
0 0.976562 0.162963 0.046875 0.0555556
0 0.636458 0.153704 0.0291667 0.0481481
0 0.580208 0.224074 0.0416667 0.0703704
0 0.354167 0.237037 0.0645833 0.0592593
0 0.591146 0.17963 0.034375 0.0518519
0 0.021875 0.500926 0.04375 0.0833333
0 0.0609375 0.452778 0.0802083 0.0907407
0 0.305208 0.314815 0.05625 0.0925926
0 0.11875 0.412963 0.0854167 0.103704
0 0.572917 0.278704 0.05 0.0833333
0 0.456771 0.284259 0.0885417 0.0759259
0 0.428125 0.532407 0.0979167 0.161111
