0 0.952604 0.160185 0.0177083 0.0203704
0 0.65625 0.262037 0.0604167 0.0425926
0 0.858333 0.184259 0.0395833 0.0351852
0 0.670833 0.255556 0.0354167 0.0407407
0 0.407813 0.348148 0.078125 0.0666667
0 0.641667 0.268519 0.0333333 0.0407407
0 0.991667 0.211111 0.0166667 0.0296296
0 0.950521 0.265741 0.034375 0.0537037
0 0.608333 0.27963 0.0395833 0.0444444
0 0.570833 0.29537 0.0458333 0.0462963
0 0.529167 0.308333 0.05 0.0462963
0 0.171875 0.402778 0.0604167 0.0611111
0 0.358333 0.381481 0.0708333 0.0777778
0 0.263542 0.419444 0.09375 0.0759259
