0 0.540104 0.0611111 0.0177083 0.0333333
0 0.529688 0.0916667 0.0239583 0.0277778
0 0.733333 0.0861111 0.0291667 0.0388889
0 0.498958 0.0861111 0.0229167 0.0351852
0 0.659375 0.0833333 0.01875 0.0333333
0 0.468229 0.0787037 0.0197917 0.0314815
0 0.644271 0.0962963 0.0239583 0.037037
0 0.418229 0.136111 0.034375 0.0722222
0 0.495313 0.119444 0.028125 0.0351852
0 0.528125 0.143519 0.03125 0.0462963
0 0.4625 0.292593 0.0625 0.118519
0 0.760417 0.156481 0.0354167 0.05
0 0.461979 0.171296 0.034375 0.0648148
0 0.49375 0.214815 0.0416667 0.0592593
0 0.870833 0.327778 0.075 0.103704
0 0.359375 0.344444 0.05625 0.0925926
0 0.776042 0.781482 0.1125 0.207407
0 0.848437 0.526852 0.103125 0.138889
