0 0.238021 0.307407 0.053125 0.0888889
0 0.327604 0.214815 0.040625 0.0555556
0 0.584896 0.14537 0.0322917 0.0537037
0 0.348958 0.199074 0.04375 0.0611111
0 0.296354 0.232407 0.059375 0.0648148
0 0.6625 0.0666667 0.0208333 0.0296296
0 0.568229 0.0675926 0.0177083 0.0351852
0 0.594271 0.0666667 0.0177083 0.0296296
0 0.234375 0.22963 0.0416667 0.0666667
0 0.566667 0.127778 0.0270833 0.0444444
0 0.607813 0.10463 0.0239583 0.0388889
0 0.588021 0.259259 0.053125 0.118519
0 0.586979 0.166667 0.0302083 0.062963
0 0.211979 0.338889 0.065625 0.0962963
0 0.0708333 0.499074 0.0895833 0.138889
0 0.123438 0.425 0.090625 0.101852
0 0.80625 0.150926 0.0458333 0.0537037
0 0.0338542 0.563889 0.0677083 0.172222
0 0.172917 0.383333 0.0833333 0.107407
0 0.471875 0.664815 0.125 0.262963
0 0.629687 0.563889 0.111458 0.22037
0 0.811458 0.566667 0.120833 0.188889
