0 0.366667 0.112037 0.0375 0.0537037
0 0.964063 0.075 0.0447917 0.05
0 0.351042 0.130556 0.0375 0.0611111
0 0.330208 0.151852 0.0375 0.0555556
0 0.3 0.173148 0.0604167 0.0574074
0 0.239063 0.246296 0.0510417 0.0814815
0 0.698438 0.0351852 0.0260417 0.0333333
0 0.721354 0.0490741 0.028125 0.05
0 0.217708 0.280556 0.0645833 0.0944444
0 0.803125 0.0842593 0.0395833 0.0537037
0 0.777604 0.107407 0.0427083 0.0592593
0 0.0765625 0.439815 0.090625 0.131481
0 0.725521 0.107407 0.040625 0.0592593
0 0.176042 0.326852 0.08125 0.112963
0 0.0364583 0.513889 0.0729167 0.175926
0 0.888021 0.210185 0.0697917 0.0833333
0 0.125521 0.37963 0.090625 0.122222
