0 0.605729 0.102778 0.021875 0.0388889
0 0.486458 0.0916667 0.01875 0.0388889
0 0.536458 0.0898148 0.0166667 0.0277778
0 0.446875 0.101852 0.0208333 0.0222222
0 0.655729 0.132407 0.0260417 0.0425926
0 0.776563 0.223148 0.0447917 0.0574074
0 0.619271 0.144444 0.028125 0.037037
0 0.299479 0.25 0.0447917 0.0555556
0 0.427604 0.152778 0.0260417 0.0351852
0 0.967708 0.35463 0.0645833 0.109259
0 0.684896 0.186111 0.034375 0.0462963
0 0.154167 0.522222 0.1125 0.181481
0 0.518229 0.194444 0.0322917 0.0481481
0 0.467708 0.196296 0.03125 0.0518519
0 0.640625 0.222222 0.0416667 0.0740741
0 0.299479 0.349074 0.065625 0.0944444
0 0.709896 0.549074 0.0822917 0.138889
0 0.293229 0.484259 0.107292 0.198148
0 0.298958 0.928704 0.15 0.138889
0 0.0604167 0.500926 0.110417 0.135185
0 0.911979 0.64537 0.113542 0.153704
0 0.957292 0.500926 0.0854167 0.12037
