0 0.900521 0.0490741 0.021875 0.0425926
0 0.155208 0.340741 0.116667 0.125926
0 0.241146 0.173148 0.0447917 0.0648148
0 0.334375 0.153704 0.0416667 0.0555556
0 0.370833 0.114815 0.0416667 0.0518519
0 0.939583 0.0675926 0.0333333 0.0425926
0 0.352604 0.138889 0.0385417 0.0592593
0 0.965104 0.0787037 0.0447917 0.05
0 0.3 0.177778 0.0625 0.0592593
0 0.798958 0.0796296 0.0354167 0.0555556
0 0.240625 0.250926 0.0520833 0.0833333
0 0.220313 0.285185 0.071875 0.1
0 0.0791667 0.441667 0.0895833 0.12037
0 0.0348958 0.516667 0.0697917 0.174074
0 0.179167 0.321296 0.0791667 0.0944444
0 0.733854 0.113889 0.040625 0.0574074
0 0.815104 0.222222 0.0635417 0.0814815
0 0.128646 0.383333 0.090625 0.125926
