0 0.915104 0.437037 0.071875 0.0814815
0 0.266667 0.312963 0.0354167 0.0444444
0 0.877083 0.414815 0.0416667 0.0703704
0 0.820833 0.363889 0.0416667 0.0574074
0 0.759896 0.328704 0.0302083 0.0388889
0 0.289583 0.293519 0.0354167 0.0425926
0 0.606771 0.275926 0.0322917 0.0518519
0 0.241667 0.331481 0.0416667 0.0518519
0 0.652083 0.350926 0.04375 0.0796296
0 0.463542 0.250926 0.0229167 0.0388889
0 0.896354 0.417593 0.078125 0.0796296
0 0.46875 0.296296 0.0291667 0.0592593
0 0.930208 0.452778 0.0645833 0.0648148
0 0.569792 0.27963 0.0208333 0.0407407
0 0.109375 0.42037 0.0833333 0.0962963
0 0.208854 0.351852 0.0510417 0.0555556
0 0.847917 0.389815 0.0520833 0.0574074
0 0.429167 0.285185 0.0270833 0.0407407
0 0.00989583 0.517593 0.0197917 0.0722222
0 0.436458 0.4 0.05 0.0814815
0 0.371354 0.357407 0.046875 0.062963
0 0.977083 0.507407 0.0458333 0.0925926
0 0.164062 0.883333 0.188542 0.22963
0 0.3625 0.863889 0.141667 0.268519
