0 0.756771 0.275926 0.0635417 0.0555556
0 0.06875 0.131481 0.0166667 0.0259259
0 0.564583 0.22963 0.0541667 0.0481481
0 0.471354 0.210185 0.0489583 0.0388889
0 0.207292 0.188889 0.0479167 0.0518519
0 0.823958 0.293519 0.0958333 0.0648148
0 0.938021 0.324074 0.096875 0.062963
0 0.617188 0.237963 0.065625 0.0537037
0 0.0890625 0.158333 0.0197917 0.0240741
0 0.330208 0.212037 0.0520833 0.05
0 0.913542 0.443519 0.172917 0.135185
0 0.626042 0.312963 0.0958333 0.0703704
0 0.286979 0.32037 0.0802083 0.0888889
