0 0.126042 0.801852 0.20625 0.37037
0 0.606771 0.197222 0.0885417 0.0796296
0 0.519271 0.253704 0.0864583 0.111111
0 0.726042 0.230556 0.116667 0.0944444
0 0.300521 0.277778 0.0760417 0.103704
0 0.916146 0.290741 0.165625 0.140741
0 0.835938 0.500926 0.180208 0.212963
0 0.952604 0.476852 0.0947917 0.17963
0 0.632812 0.321296 0.132292 0.112963
0 0.361458 0.332407 0.075 0.101852
0 0.808854 0.389815 0.165625 0.116667
0 0.966146 0.640741 0.0677083 0.155556
0 0.651563 0.427778 0.165625 0.148148
0 0.4375 0.393519 0.116667 0.127778
0 0.594792 0.510185 0.158333 0.172222
0 0.825521 0.675926 0.280208 0.337037
