0 0.784896 0.160185 0.034375 0.05
0 0.679167 0.147222 0.0270833 0.0351852
0 0.389583 0.165741 0.0270833 0.0388889
0 0.645833 0.190741 0.0333333 0.0481481
0 0.713021 0.212037 0.0364583 0.0685185
0 0.836979 0.203704 0.0427083 0.0481481
0 0.771354 0.202778 0.040625 0.0537037
0 0.629687 0.15463 0.028125 0.0425926
0 0.517708 0.196296 0.0354167 0.0666667
0 0.464583 0.193519 0.0375 0.0648148
0 0.697396 0.387037 0.071875 0.133333
0 0.349479 0.280556 0.0510417 0.0722222
0 0.845833 0.923148 0.177083 0.146296
0 0.980729 0.366667 0.0385417 0.0851852
0 0.990104 0.551852 0.0197917 0.0703704
0 0.749479 0.259259 0.0510417 0.0703704
0 0.653125 0.258333 0.0458333 0.0833333
0 0.845833 0.300926 0.0604167 0.0722222
0 0.416667 0.314815 0.05625 0.0925926
0 0.455208 0.424074 0.06875 0.111111
0 0.835417 0.437037 0.0833333 0.107407
0 0.319271 0.488889 0.0864583 0.12963
