0 0.164583 0.0537037 0.0229167 0.0296296
0 0.115625 0.118519 0.03125 0.0481481
0 0.964583 0.305556 0.0708333 0.0740741
0 0.319271 0.0731481 0.053125 0.05
0 0.602083 0.0805556 0.0645833 0.0388889
0 0.222917 0.0685185 0.0229167 0.0333333
0 0.193229 0.0833333 0.0302083 0.0481481
0 0.814062 0.157407 0.0489583 0.0444444
0 0.873438 0.168519 0.040625 0.0444444
0 0.053125 0.0796296 0.0395833 0.0703704
0 0.163021 0.197222 0.0427083 0.0722222
0 0.284896 0.124074 0.040625 0.0518519
0 0.795313 0.227778 0.0739583 0.0740741
0 0.398438 0.205556 0.0572917 0.0740741
0 0.538542 0.277778 0.102083 0.1
