0 0.607292 0.0675926 0.03125 0.0388889
0 0.211458 0.3 0.104167 0.0962963
0 0.639583 0.0425926 0.01875 0.0296296
0 0.582292 0.0712963 0.0229167 0.0425926
0 0.404687 0.150926 0.0322917 0.0388889
0 0.360417 0.192593 0.0479167 0.0518519
0 0.731771 0.0712963 0.0239583 0.0351852
0 0.331771 0.207407 0.0572917 0.0666667
0 0.249479 0.303704 0.0385417 0.0814815
0 0.981771 0.110185 0.034375 0.05
0 0.259375 0.271296 0.05 0.0648148
0 0.286979 0.206481 0.046875 0.0611111
0 0.592708 0.117593 0.0333333 0.0537037
0 0.388542 0.168519 0.0354167 0.0481481
0 0.647917 0.133333 0.03125 0.0740741
0 0.175 0.35463 0.0375 0.0944444
0 0.740625 0.103704 0.0291667 0.0444444
0 0.583854 0.162037 0.0385417 0.0759259
0 0.03125 0.496296 0.0625 0.107407
0 0.0786458 0.438889 0.0802083 0.0925926
0 0.134896 0.396296 0.084375 0.103704
0 0.632812 0.192593 0.0447917 0.0666667
0 0.510938 0.406481 0.0822917 0.131481
0 0.578125 0.236111 0.0479167 0.0796296
0 0.327604 0.724074 0.148958 0.244444
