0 0.873438 0.422222 0.0510417 0.0555556
0 0.778125 0.359259 0.0479167 0.0444444
0 0.0526042 0.392593 0.0489583 0.0481481
0 0.789062 0.367593 0.034375 0.0425926
0 0.81875 0.384259 0.0458333 0.0537037
0 0.765625 0.348148 0.0333333 0.0407407
0 0.895312 0.433333 0.0822917 0.0777778
0 0.292708 0.313889 0.0333333 0.0425926
0 0.850521 0.409259 0.0552083 0.0555556
0 0.0104167 0.537037 0.0208333 0.0740741
0 0.111979 0.439815 0.0802083 0.087037
0 0.941146 0.477778 0.0864583 0.0814815
0 0.267188 0.333333 0.0364583 0.0444444
0 0.240625 0.352778 0.0395833 0.05
0 0.479167 0.263889 0.0166667 0.0277778
0 0.457292 0.289815 0.0229167 0.0314815
0 0.973958 0.513889 0.0520833 0.0685185
0 0.985937 0.564815 0.028125 0.0888889
0 0.209375 0.372222 0.05 0.0555556
0 0.217187 0.864815 0.165625 0.262963
