0 0.857292 0.183333 0.0375 0.0333333
0 0.655208 0.262037 0.0604167 0.0425926
0 0.672396 0.252778 0.040625 0.0425926
0 0.642187 0.268519 0.034375 0.0407407
0 0.972396 0.194444 0.015625 0.0222222
0 0.410417 0.347222 0.0729167 0.0722222
0 0.608333 0.27963 0.0395833 0.0444444
0 0.990625 0.237037 0.01875 0.037037
0 0.804688 0.507407 0.053125 0.114815
0 0.930729 0.252778 0.028125 0.0388889
0 0.571354 0.293519 0.0447917 0.0462963
0 0.953125 0.236111 0.025 0.0351852
0 0.529688 0.308333 0.0510417 0.0462963
0 0.923437 0.296296 0.040625 0.0481481
0 0.172396 0.400926 0.059375 0.0611111
0 0.348958 0.387037 0.0583333 0.0740741
0 0.264062 0.418519 0.0947917 0.0777778
