0 0.967188 0.134259 0.065625 0.0648148
0 0.0307292 0.968518 0.0614583 0.0592593
0 0.701042 0.210185 0.0541667 0.0722222
0 0.400521 0.0907407 0.059375 0.0481481
0 0.630729 0.136111 0.0552083 0.0611111
0 0.240104 0.151852 0.053125 0.0518519
0 0.183333 0.173148 0.0541667 0.0574074
0 0.544271 0.485185 0.173958 0.211111
0 0.974479 0.19537 0.0510417 0.0722222
0 0.416146 0.340741 0.078125 0.0703704
0 0.833854 0.338889 0.111458 0.111111
0 0.0869792 0.542593 0.111458 0.107407
0 0.829167 0.446296 0.125 0.144444
0 0.388021 0.842593 0.242708 0.251852
