0 0.544792 0.062963 0.0208333 0.0333333
0 0.570833 0.0666667 0.0229167 0.0444444
0 0.504687 0.0666667 0.0177083 0.0259259
0 0.548437 0.102778 0.0239583 0.05
0 0.857292 0.192593 0.0291667 0.0592593
0 0.471354 0.0907407 0.021875 0.0444444
0 0.0421875 0.238889 0.040625 0.062963
0 0.790625 0.148148 0.0354167 0.0481481
0 0.443229 0.12963 0.0260417 0.0407407
0 0.429688 0.101852 0.0239583 0.0333333
0 0.485417 0.144444 0.0333333 0.0518519
0 0.977604 0.283333 0.0447917 0.0962963
0 0.397396 0.17037 0.0322917 0.0555556
0 0.489062 0.186111 0.0364583 0.0537037
0 0.435937 0.203704 0.0385417 0.0666667
0 0.0838542 0.940741 0.167708 0.111111
0 0.881771 0.209259 0.0510417 0.0740741
0 0.396354 0.297222 0.0572917 0.0907407
0 0.957292 0.228704 0.0833333 0.0648148
0 0.472917 0.273148 0.0520833 0.0796296
0 0.188542 0.29537 0.10625 0.0759259
0 0.430729 0.471296 0.0822917 0.142593
0 0.825 0.735185 0.15625 0.218519
