0 0.314583 0.288889 0.0333333 0.037037
0 0.333854 0.285185 0.0322917 0.037037
0 0.0526042 0.387037 0.046875 0.0481481
0 0.819271 0.372222 0.0489583 0.0592593
0 0.853646 0.402778 0.0552083 0.0537037
0 0.582292 0.261111 0.0270833 0.0259259
0 0.9 0.426852 0.0833333 0.0833333
0 0.94375 0.471296 0.0916667 0.0833333
0 0.295833 0.310185 0.0354167 0.0425926
0 0.269792 0.327778 0.0375 0.0444444
0 0.975521 0.506481 0.0489583 0.0648148
0 0.116146 0.435185 0.0822917 0.0888889
0 0.986458 0.556481 0.0270833 0.0907407
0 0.628646 0.394444 0.0447917 0.0703704
0 0.244271 0.34537 0.0427083 0.05
0 0.0130208 0.536111 0.0260417 0.0833333
0 0.214062 0.367593 0.0489583 0.0537037
