0 0.193229 0.187037 0.028125 0.0481481
0 0.0901042 0.855556 0.178125 0.281481
0 0.594792 0.272222 0.0916667 0.0925926
0 0.118229 0.249074 0.034375 0.0537037
0 0.242188 0.262963 0.0447917 0.0592593
0 0.665104 0.351852 0.117708 0.107407
0 0.735417 0.328704 0.108333 0.0944444
0 0.185937 0.266667 0.0427083 0.0592593
0 0.923437 0.549074 0.153125 0.201852
0 0.757812 0.462963 0.157292 0.137037
0 0.938021 0.403704 0.123958 0.151852
0 0.605208 0.387037 0.127083 0.111111
0 0.286979 0.347222 0.0802083 0.0981481
0 0.955208 0.717593 0.0895833 0.157407
0 0.816146 0.581481 0.176042 0.225926
0 0.344271 0.400926 0.0760417 0.105556
0 0.631771 0.505556 0.167708 0.148148
0 0.748438 0.886111 0.280208 0.22037
0 0.419792 0.464815 0.1125 0.133333
0 0.809375 0.756481 0.279167 0.346296
0 0.576042 0.585185 0.160417 0.177778
