0 0.889063 0.0518519 0.0177083 0.0222222
0 0.679167 0.111111 0.025 0.0333333
0 0.919792 0.0787037 0.01875 0.0314815
0 0.688542 0.152778 0.03125 0.05
0 0.952083 0.062037 0.0166667 0.0277778
0 0.91875 0.132407 0.0291667 0.0425926
0 0.953646 0.116667 0.0239583 0.037037
0 0.532812 0.171296 0.046875 0.0574074
0 0.604167 0.233333 0.0583333 0.062963
0 0.647396 0.147222 0.034375 0.0425926
0 0.826042 0.234259 0.0416667 0.0648148
0 0.827604 0.183333 0.0385417 0.0518519
0 0.578646 0.194444 0.0572917 0.0777778
0 0.957292 0.264815 0.0458333 0.0666667
0 0.883333 0.202778 0.0375 0.0574074
0 0.380208 0.289815 0.0583333 0.0685185
0 0.661979 0.589815 0.119792 0.164815
0 0.541146 0.505556 0.123958 0.155556
