0 0.541667 0.0675926 0.0229167 0.0425926
0 0.351562 0.17037 0.040625 0.0555556
0 0.238542 0.283333 0.0520833 0.0814815
0 0.599479 0.0722222 0.0260417 0.0481481
0 0.577604 0.143519 0.034375 0.0537037
0 0.638021 0.139815 0.0322917 0.0537037
0 0.215104 0.32037 0.0677083 0.0962963
0 0.927083 0.275926 0.0729167 0.125926
0 0.0734375 0.478704 0.090625 0.127778
0 0.123958 0.408333 0.0916667 0.101852
0 0.304688 0.239815 0.126042 0.0796296
0 0.175 0.365741 0.08125 0.112963
0 0.034375 0.549074 0.06875 0.175926
0 0.6125 0.226852 0.0520833 0.0759259
0 0.504167 0.339815 0.0666667 0.112963
0 0.6 0.390741 0.0770833 0.12963
0 0.751042 0.440741 0.1 0.151852
