0 0.318229 0.196296 0.0697917 0.0666667
0 0.569271 0.0444444 0.0197917 0.0407407
0 0.365104 0.147222 0.0385417 0.0537037
0 0.754167 0.0712963 0.0333333 0.0425926
0 0.242188 0.200926 0.0489583 0.0722222
0 0.724479 0.075 0.0302083 0.0648148
0 0.352604 0.165741 0.0385417 0.0574074
0 0.830729 0.130556 0.0364583 0.0537037
0 0.333333 0.185185 0.0375 0.0592593
0 0.240625 0.275926 0.0520833 0.0851852
0 0.697917 0.062963 0.0270833 0.037037
0 0.589063 0.0222222 0.015625 0.0259259
0 0.761458 0.115741 0.0375 0.05
0 0.3 0.20463 0.0583333 0.0611111
0 0.976042 0.315741 0.0479167 0.0944444
0 0.56875 0.0962963 0.0291667 0.0407407
0 0.220313 0.310185 0.0739583 0.0907407
0 0.859896 0.199074 0.0677083 0.0981481
0 0.0776042 0.469444 0.090625 0.135185
0 0.788542 0.15463 0.0458333 0.0722222
0 0.569792 0.162037 0.0395833 0.0648148
0 0.648438 0.159259 0.0385417 0.062963
0 0.127083 0.409259 0.0895833 0.125926
0 0.0359375 0.541667 0.071875 0.175926
0 0.178646 0.357407 0.0802083 0.111111
0 0.941667 0.409259 0.116667 0.162963
0 0.802604 0.875926 0.192708 0.244444
