0 0.666667 0.0731481 0.0270833 0.0425926
0 0.495833 0.012963 0.0208333 0.0259259
0 0.618229 0.0833333 0.028125 0.0481481
0 0.946354 0.112963 0.0802083 0.0666667
0 0.150521 0.176852 0.046875 0.0685185
0 0.849479 0.110185 0.059375 0.0574074
0 0.488021 0.0546296 0.021875 0.0351852
0 0.9875 0.199074 0.025 0.0648148
0 0.645312 0.12963 0.0385417 0.0592593
0 0.257292 0.146296 0.0333333 0.0518519
0 0.934896 0.156481 0.0614583 0.0648148
0 0.0572917 0.312963 0.0354167 0.0740741
0 0.11875 0.247222 0.0520833 0.0722222
0 0.232812 0.162037 0.0427083 0.05
0 0.711458 0.153704 0.04375 0.0666667
0 0.0838542 0.281481 0.0677083 0.0888889
0 0.197917 0.181481 0.0583333 0.062963
0 0.966667 0.182407 0.0666667 0.0648148
0 0.50625 0.202778 0.05 0.0944444
0 0.604688 0.173148 0.0427083 0.0685185
0 0.677604 0.212963 0.0489583 0.0814815
0 0.434896 0.17963 0.0447917 0.0703704
0 0.455729 0.499074 0.0947917 0.172222
0 0.285417 0.374074 0.075 0.118519
0 0.796354 0.258333 0.0697917 0.0907407
0 0.680729 0.459259 0.0947917 0.151852
0 0.205729 0.738889 0.159375 0.27037
0 0.732813 0.332407 0.0802083 0.105556
