0 0.0463542 0.123148 0.0364583 0.05
0 0.0901042 0.100926 0.0322917 0.0462963
0 0.40625 0.101852 0.0479167 0.0481481
0 0.795313 0.251852 0.0864583 0.114815
0 0.769792 0.19537 0.0979167 0.0944444
0 0.567187 0.136111 0.059375 0.0574074
0 0.151562 0.158333 0.0489583 0.0833333
0 0.279167 0.213889 0.0604167 0.0759259
0 0.0807292 0.205556 0.0614583 0.0925926
0 0.521354 0.219444 0.0885417 0.0759259
0 0.599479 0.180556 0.0760417 0.0759259
0 0.1 0.567593 0.10625 0.187037
0 0.370833 0.432407 0.108333 0.146296
0 0.735417 0.292593 0.10625 0.0888889
