0 0.120312 0.874074 0.146875 0.244444
0 0.169271 0.251852 0.034375 0.0555556
0 0.114583 0.247222 0.0395833 0.0537037
0 0.507292 0.314815 0.0791667 0.103704
0 0.955729 0.431481 0.0885417 0.0814815
0 0.609375 0.25463 0.1 0.0907407
0 0.721875 0.291667 0.110417 0.109259
0 0.290625 0.335185 0.0770833 0.103704
0 0.910417 0.362037 0.147917 0.105556
0 0.820833 0.557407 0.177083 0.225926
0 0.760938 0.441667 0.155208 0.131481
0 0.94375 0.540741 0.1125 0.17037
0 0.958333 0.697222 0.0833333 0.153704
0 0.620313 0.375926 0.130208 0.111111
0 0.347396 0.385185 0.0760417 0.103704
0 0.636979 0.489815 0.176042 0.146296
0 0.424479 0.449074 0.113542 0.135185
0 0.814583 0.734259 0.279167 0.346296
0 0.58125 0.564815 0.160417 0.177778
