0 0.4875 0.102778 0.01875 0.0240741
0 0.758333 0.2 0.0333333 0.0592593
0 0.79375 0.181481 0.0333333 0.0481481
0 0.624479 0.141667 0.021875 0.0351852
0 0.426042 0.136111 0.0229167 0.0351852
0 0.666667 0.140741 0.0229167 0.0333333
0 0.69375 0.187963 0.03125 0.0462963
0 0.501042 0.138889 0.0229167 0.0333333
0 0.541146 0.146296 0.0260417 0.037037
0 0.448438 0.162963 0.028125 0.037037
0 0.485417 0.176852 0.0270833 0.0425926
0 0.395833 0.222222 0.0395833 0.0555556
0 0.398438 0.162963 0.0260417 0.0407407
0 0.640104 0.181481 0.0322917 0.0481481
0 0.70625 0.224074 0.0416667 0.0555556
0 0.295833 0.27037 0.0479167 0.0592593
0 0.811458 0.94537 0.152083 0.109259
0 0.701042 0.411111 0.0625 0.1
0 0.665104 0.286111 0.0447917 0.0722222
0 0.970833 0.357407 0.0583333 0.0925926
0 0.832292 0.313889 0.0625 0.0759259
0 0.972917 0.55463 0.0541667 0.131481
0 0.982813 0.894444 0.034375 0.148148
0 0.31875 0.337037 0.0583333 0.0814815
0 0.257812 0.418519 0.0739583 0.103704
0 0.840625 0.49537 0.0875 0.12037
0 0.372396 0.405556 0.0697917 0.103704
0 0.310937 0.912037 0.153125 0.168519
0 0.7125 0.571296 0.0833333 0.135185
