0 0.774479 0.115741 0.053125 0.0574074
0 0.931771 0.123148 0.059375 0.0796296
0 0.547917 0.151852 0.05 0.0592593
0 0.474479 0.0666667 0.0739583 0.0444444
0 0.510938 0.138889 0.0697917 0.0592593
0 0.0078125 0.193519 0.015625 0.0537037
0 0.021875 0.0888889 0.0229167 0.0296296
0 0.70625 0.184259 0.0895833 0.0611111
0 0.119792 0.10463 0.0333333 0.0351852
0 0.721875 0.228704 0.102083 0.0759259
0 0.19375 0.165741 0.0458333 0.0537037
0 0.494792 0.291667 0.129167 0.135185
0 0.129688 0.396296 0.0885417 0.12963
0 0.518229 0.834259 0.307292 0.324074
