0 0.0317708 0.446296 0.059375 0.0962963
0 0.642187 0.237037 0.0260417 0.0333333
0 0.328646 0.271296 0.021875 0.0388889
0 0.516146 0.193519 0.015625 0.0203704
0 0.882812 0.334259 0.0364583 0.0537037
0 0.465104 0.247222 0.0239583 0.0388889
0 0.08125 0.633333 0.0875 0.111111
0 0.50625 0.232407 0.0145833 0.0240741
0 0.657812 0.257407 0.034375 0.0555556
0 0.985417 0.410185 0.0291667 0.0685185
0 0.959375 0.382407 0.0666667 0.0685185
0 0.523438 0.247222 0.021875 0.0351852
0 0.916667 0.35463 0.05625 0.0611111
0 0.589063 0.226852 0.021875 0.0277778
0 0.481771 0.282407 0.0302083 0.0425926
0 0.228125 0.343519 0.0520833 0.0648148
0 0.670833 0.350926 0.0479167 0.0685185
0 0.201562 0.898148 0.196875 0.2
