0 0.703125 0.0453704 0.0291667 0.0351852
0 0.980729 0.0324074 0.028125 0.0574074
0 0.867708 0.037963 0.0229167 0.0314815
0 0.597396 0.087963 0.0385417 0.0425926
0 0.628646 0.168519 0.046875 0.0666667
0 0.467708 0.82963 0.2625 0.325926
0 0.988542 0.117593 0.0229167 0.0537037
0 0.872396 0.0990741 0.0364583 0.0648148
0 0.520833 0.15 0.0520833 0.0555556
0 0.401042 0.198148 0.0645833 0.0740741
0 0.427083 0.233333 0.0854167 0.0851852
0 0.915104 0.167593 0.0447917 0.0685185
0 0.832812 0.525 0.103125 0.183333
0 0.142708 0.590741 0.160417 0.218519
0 0.545833 0.490741 0.129167 0.151852
0 0.231771 0.416667 0.115625 0.125926
