0 0.639583 0.159259 0.0291667 0.037037
0 0.913021 0.0592593 0.015625 0.0259259
0 0.945312 0.0527778 0.0177083 0.0351852
0 0.653125 0.162963 0.05 0.0407407
0 0.595312 0.182407 0.0447917 0.0462963
0 0.571354 0.171296 0.0385417 0.0462963
0 0.632812 0.226852 0.053125 0.0574074
0 0.892708 0.241667 0.0458333 0.0648148
0 0.527604 0.315741 0.0697917 0.0833333
0 0.841146 0.202778 0.0364583 0.05
0 0.486979 0.288889 0.0677083 0.0851852
0 0.711458 0.501852 0.0916667 0.133333
0 0.427604 0.681481 0.184375 0.251852
0 0.0755208 0.633333 0.151042 0.188889
0 0.28125 0.384259 0.10625 0.101852
