0 0.716667 0.110185 0.0291667 0.0425926
0 0.614583 0.0712963 0.0208333 0.0351852
0 0.720833 0.0601852 0.0208333 0.0277778
0 0.529688 0.10463 0.028125 0.0537037
0 0.85625 0.192593 0.0479167 0.0592593
0 0.626562 0.10463 0.0260417 0.0537037
0 0.507292 0.142593 0.0291667 0.0444444
0 0.372396 0.175 0.040625 0.0611111
0 0.822396 0.22037 0.0489583 0.0666667
0 0.498437 0.22037 0.040625 0.0666667
0 0.659896 0.264815 0.0489583 0.0777778
0 0.326042 0.266667 0.05625 0.0740741
0 0.297396 0.921296 0.165625 0.157407
0 0.747917 0.301852 0.05625 0.0777778
0 0.188542 0.337963 0.0729167 0.0907407
0 0.457812 0.381481 0.065625 0.118519
0 0.695312 0.427778 0.0760417 0.133333
0 0.920313 0.433333 0.103125 0.114815
