0 0.0536458 0.139815 0.0239583 0.0277778
0 0.503125 0.237037 0.0479167 0.037037
0 0.550521 0.243519 0.0510417 0.05
0 0.605729 0.250926 0.0677083 0.0537037
0 0.0807292 0.167593 0.0364583 0.0351852
0 0.458333 0.225 0.0479167 0.0388889
0 0.185417 0.194444 0.0270833 0.0333333
0 0.218229 0.200926 0.034375 0.0314815
0 0.242708 0.221296 0.0395833 0.0425926
0 0.923437 0.337963 0.0947917 0.0648148
0 0.809375 0.308333 0.0770833 0.0648148
0 0.733854 0.289815 0.090625 0.0537037
0 0.102604 0.242593 0.0364583 0.0481481
0 0.604688 0.316667 0.0802083 0.0703704
0 0.189063 0.284259 0.040625 0.0685185
0 0.528125 0.323148 0.0895833 0.0759259
0 0.335417 0.384259 0.0895833 0.0907407
