0 0.852604 0.175926 0.046875 0.037037
0 0.659896 0.248148 0.0385417 0.0444444
0 0.602083 0.271296 0.0458333 0.0425926
0 0.563021 0.287037 0.046875 0.0444444
0 0.901042 0.181481 0.0125 0.0185185
0 0.885938 0.261111 0.0364583 0.0518519
0 0.163542 0.394444 0.0604167 0.062963
0 0.402083 0.341667 0.0729167 0.0685185
0 0.520833 0.300926 0.05 0.0462963
0 0.873438 0.333333 0.053125 0.0703704
0 0.255208 0.411111 0.0958333 0.0777778
0 0.690625 0.857407 0.177083 0.274074
0 0.0671875 0.575926 0.134375 0.133333
0 0.532812 0.411111 0.0864583 0.0851852
0 0.0697917 0.709259 0.139583 0.211111
0 0.506771 0.757407 0.207292 0.248148
