0 0.140625 0.0925926 0.0354167 0.062963
0 0.457812 0.155556 0.053125 0.062963
0 0.0494792 0.062037 0.021875 0.0314815
0 0.0692708 0.0824074 0.028125 0.0425926
0 0.4875 0.2 0.0895833 0.0703704
0 0.353646 0.112963 0.0427083 0.0481481
0 0.0208333 0.0814815 0.0270833 0.0407407
0 0.592188 0.163889 0.0760417 0.0833333
0 0.660417 0.163889 0.0666667 0.0685185
0 0.15 0.17963 0.0416667 0.0592593
0 0.821354 0.275926 0.0989583 0.0888889
0 0.619792 0.278704 0.0895833 0.0759259
0 0.274479 0.217593 0.059375 0.0722222
0 0.884896 0.241667 0.0885417 0.087037
0 0.772396 0.299074 0.113542 0.0981481
0 0.447396 0.363889 0.096875 0.116667
0 0.186458 0.37037 0.08125 0.114815
0 0.676562 0.833333 0.280208 0.325926
