0 0.710938 0.0731481 0.0322917 0.05
0 0.301562 0.199074 0.0572917 0.0611111
0 0.373437 0.130556 0.046875 0.0462963
0 0.572917 0.0388889 0.0270833 0.0333333
0 0.568229 0.0555556 0.0239583 0.0333333
0 0.739062 0.0787037 0.028125 0.0425926
0 0.7125 0.0981481 0.0354167 0.0592593
0 0.780729 0.102778 0.0364583 0.0685185
0 0.219792 0.30463 0.0666667 0.0907407
0 0.618229 0.0611111 0.0239583 0.0407407
0 0.24375 0.274074 0.05 0.0851852
0 0.586979 0.128704 0.0322917 0.0537037
0 0.792708 0.150926 0.0479167 0.0648148
0 0.0802083 0.468519 0.0895833 0.133333
0 0.129167 0.402778 0.0916667 0.124074
0 0.179688 0.350926 0.0802083 0.109259
0 0.970312 0.468519 0.059375 0.188889
0 0.0369792 0.537037 0.0739583 0.177778
0 0.599479 0.286111 0.059375 0.0981481
0 0.207292 0.442593 0.0979167 0.122222
0 0.954687 0.316667 0.090625 0.107407
0 0.640104 0.814815 0.155208 0.311111
