0 0.666667 0.037963 0.0166667 0.0277778
0 0.60625 0.0537037 0.0166667 0.0296296
0 0.418229 0.0611111 0.0177083 0.0296296
0 0.69375 0.0833333 0.025 0.0333333
0 0.653646 0.0814815 0.0260417 0.0333333
0 0.451562 0.0925926 0.0260417 0.037037
0 0.805729 0.139815 0.046875 0.0611111
0 0.617708 0.0787037 0.0229167 0.0351852
0 0.534896 0.0740741 0.0239583 0.037037
0 0.497917 0.0759259 0.0229167 0.0333333
0 0.783333 0.187963 0.0479167 0.0685185
0 0.700521 0.159259 0.0427083 0.062963
0 0.630729 0.139815 0.0322917 0.0425926
0 0.658854 0.219444 0.0427083 0.0944444
0 0.879167 0.325 0.0708333 0.0944444
0 0.752083 0.271296 0.05625 0.0796296
0 0.373958 0.325 0.0625 0.0944444
0 0.480729 0.251852 0.0489583 0.0740741
0 0.690625 0.37037 0.0604167 0.0962963
0 0.207813 0.396296 0.0885417 0.12963
0 0.951563 0.824074 0.096875 0.225926
0 0.761979 0.739815 0.109375 0.198148
