0 0.709896 0.0555556 0.021875 0.0296296
0 0.689062 0.0694444 0.0239583 0.0351852
0 0.366667 0.156481 0.0416667 0.0648148
0 0.647917 0.181481 0.05625 0.114815
0 0.348437 0.171296 0.0364583 0.0574074
0 0.765104 0.128704 0.0364583 0.0537037
0 0.55625 0.0333333 0.0145833 0.0222222
0 0.727083 0.101852 0.0291667 0.0555556
0 0.329167 0.190741 0.0395833 0.0555556
0 0.234896 0.208333 0.0427083 0.0648148
0 0.295312 0.212963 0.059375 0.062963
0 0.569271 0.0638889 0.0197917 0.0277778
0 0.795833 0.117593 0.0354167 0.05
0 0.238021 0.282407 0.0510417 0.0796296
0 0.573958 0.109259 0.0291667 0.0444444
0 0.751042 0.171296 0.0458333 0.0574074
0 0.214062 0.319444 0.0677083 0.0981481
0 0.173958 0.363889 0.0854167 0.112963
0 0.071875 0.477778 0.0916667 0.140741
0 0.825 0.199074 0.0541667 0.0685185
0 0.561979 0.216667 0.0489583 0.0740741
0 0.034375 0.548148 0.06875 0.174074
0 0.122396 0.417593 0.090625 0.124074
0 0.683333 0.288889 0.0625 0.0962963
0 0.545833 0.310185 0.05625 0.0944444
0 0.926042 0.315741 0.0833333 0.105556
