0 0.0817708 0.267593 0.053125 0.0537037
0 0.390625 0.194444 0.0354167 0.0407407
0 0.964063 0.14537 0.0364583 0.05
0 0.639063 0.135185 0.021875 0.037037
0 0.246354 0.318519 0.0427083 0.0740741
0 0.0260417 0.513889 0.0520833 0.0907407
0 0.979167 0.157407 0.0416667 0.0555556
0 0.38125 0.201852 0.0333333 0.0481481
0 0.166146 0.378704 0.0385417 0.0907407
0 0.592188 0.174074 0.0302083 0.0518519
0 0.256771 0.302778 0.0510417 0.0722222
0 0.325521 0.239815 0.0572917 0.0611111
0 0.636979 0.211111 0.034375 0.0592593
0 0.582292 0.217593 0.0395833 0.0611111
0 0.126563 0.415741 0.0885417 0.0981481
0 0.0692708 0.462037 0.0802083 0.0981481
0 0.973958 0.476852 0.0520833 0.135185
0 0.645312 0.298148 0.0552083 0.0888889
0 0.522396 0.268519 0.053125 0.0740741
0 0.560417 0.298148 0.0541667 0.0814815
0 0.665104 0.883333 0.171875 0.225926
0 0.435937 0.708333 0.126042 0.231481
0 0.539062 0.424074 0.078125 0.12963
