0 0.211979 0.242593 0.053125 0.0888889
0 0.102604 0.827778 0.194792 0.333333
0 0.509375 0.298148 0.0833333 0.111111
0 0.617708 0.240741 0.102083 0.0925926
0 0.293229 0.32037 0.0802083 0.107407
0 0.726042 0.27963 0.1125 0.103704
0 0.825521 0.546296 0.178125 0.222222
0 0.623438 0.361111 0.132292 0.118519
0 0.959375 0.685185 0.08125 0.159259
0 0.766146 0.432407 0.157292 0.138889
0 0.945833 0.521296 0.108333 0.175926
0 0.911979 0.356481 0.148958 0.127778
0 0.352604 0.374074 0.0760417 0.107407
0 0.641146 0.469444 0.167708 0.146296
0 0.427083 0.437037 0.114583 0.12963
0 0.299479 0.451852 0.096875 0.125926
0 0.816146 0.721296 0.282292 0.346296
0 0.583854 0.552778 0.161458 0.175926
