0 0.31875 0.151852 0.0354167 0.037037
0 0.295312 0.17963 0.0322917 0.0555556
0 0.941146 0.20463 0.0572917 0.0611111
0 0.841146 0.146296 0.0385417 0.0444444
0 0.58125 0.0490741 0.0166667 0.0388889
0 0.50625 0.062037 0.0208333 0.0462963
0 0.28125 0.183333 0.0270833 0.0481481
0 0.858333 0.157407 0.0479167 0.0518519
0 0.985937 0.149074 0.028125 0.0574074
0 0.595833 0.0694444 0.0166667 0.0277778
0 0.989583 0.250926 0.0208333 0.0537037
0 0.946354 0.157407 0.0739583 0.062963
0 0.239063 0.212963 0.040625 0.0518519
0 0.970312 0.227778 0.059375 0.062963
0 0.155729 0.225926 0.046875 0.0592593
0 0.493229 0.0907407 0.021875 0.037037
0 0.2625 0.194444 0.0354167 0.0481481
0 0.578125 0.101852 0.0208333 0.0333333
0 0.0885417 0.322222 0.0729167 0.0703704
0 0.123958 0.298148 0.0541667 0.0703704
0 0.0854167 0.400926 0.0770833 0.0981481
0 0.608854 0.223148 0.046875 0.087037
0 0.645833 0.113889 0.0270833 0.0388889
0 0.203646 0.232407 0.059375 0.0611111
0 0.775521 0.406481 0.0864583 0.112963
0 0.3375 0.234259 0.08125 0.0685185
