0 0.614062 0.0787037 0.0197917 0.0314815
0 0.677604 0.117593 0.0239583 0.0351852
0 0.622917 0.115741 0.025 0.0314815
0 0.356771 0.307407 0.096875 0.0888889
0 0.915625 0.271296 0.0583333 0.087037
0 0.717188 0.125926 0.0260417 0.037037
0 0.695833 0.17963 0.0354167 0.0592593
0 0.780208 0.173148 0.0416667 0.05
0 0.326562 0.290741 0.053125 0.0777778
0 0.473437 0.267593 0.053125 0.087037
0 0.651563 0.237963 0.0447917 0.0796296
0 0.451042 0.369444 0.0645833 0.101852
0 0.373437 0.332407 0.0614583 0.105556
0 0.759375 0.310185 0.0583333 0.0796296
0 0.828646 0.275926 0.053125 0.0666667
0 0.19375 0.347222 0.0791667 0.101852
0 0.292188 0.497222 0.096875 0.131481
0 0.810938 0.915741 0.155208 0.161111
0 0.917708 0.410185 0.0875 0.105556
0 0.165104 0.537037 0.107292 0.140741
0 0.335938 0.715741 0.136458 0.216667
