0 0.520833 0.29537 0.0833333 0.0796296
0 0.186979 0.192593 0.0302083 0.0407407
0 0.585938 0.275 0.090625 0.087037
0 0.911979 0.45463 0.165625 0.116667
0 0.0895833 0.835185 0.177083 0.318519
0 0.107292 0.225926 0.0291667 0.0481481
0 0.163021 0.251852 0.0364583 0.0592593
0 0.913542 0.382407 0.158333 0.124074
0 0.233333 0.259259 0.04375 0.0592593
0 0.715625 0.326852 0.108333 0.0907407
0 0.75625 0.47037 0.154167 0.140741
0 0.925521 0.557407 0.148958 0.188889
0 0.286458 0.350926 0.08125 0.101852
0 0.591667 0.384259 0.11875 0.112963
0 0.815625 0.585185 0.177083 0.218519
0 0.954687 0.725926 0.090625 0.159259
0 0.344271 0.405556 0.0760417 0.103704
0 0.63125 0.508333 0.166667 0.15
0 0.419271 0.471296 0.113542 0.131481
0 0.513021 0.732407 0.207292 0.309259
0 0.575521 0.588889 0.159375 0.177778
0 0.809375 0.760185 0.279167 0.346296
