0 0.711979 0.0731481 0.0260417 0.0388889
0 0.364583 0.147222 0.0395833 0.0574074
0 0.241146 0.27963 0.0510417 0.0925926
0 0.353646 0.165741 0.040625 0.0574074
0 0.242708 0.199074 0.0479167 0.0685185
0 0.198437 0.333333 0.101042 0.118519
0 0.333333 0.186111 0.0375 0.0611111
0 0.567187 0.0916667 0.0302083 0.0351852
0 0.742708 0.0814815 0.0291667 0.0592593
0 0.299479 0.20463 0.059375 0.0611111
0 0.565104 0.0527778 0.0177083 0.0314815
0 0.603125 0.0435185 0.01875 0.0314815
0 0.988542 0.342593 0.0229167 0.0851852
0 0.7625 0.110185 0.0333333 0.0574074
0 0.809375 0.136111 0.0479167 0.0759259
0 0.219792 0.312037 0.0708333 0.0944444
0 0.858333 0.2 0.0520833 0.0703704
0 0.566146 0.131481 0.034375 0.0518519
0 0.834896 0.239815 0.0697917 0.0944444
0 0.0776042 0.469444 0.090625 0.135185
0 0.127083 0.409259 0.0895833 0.125926
0 0.958333 0.464815 0.0833333 0.159259
0 0.179688 0.358333 0.0802083 0.109259
0 0.0364583 0.541667 0.0729167 0.175926
0 0.69375 0.260185 0.05625 0.0907407
0 0.579167 0.290741 0.0604167 0.1
