0 0.0604167 0.419444 0.05 0.0722222
0 0.764583 0.353704 0.0333333 0.0407407
0 0.0526042 0.398148 0.0510417 0.0444444
0 0.308333 0.309259 0.0270833 0.0407407
0 0.817187 0.391667 0.0489583 0.05
0 0.851562 0.414815 0.059375 0.0555556
0 0.896875 0.440741 0.0833333 0.0851852
0 0.292188 0.322222 0.0322917 0.0407407
0 0.268229 0.339815 0.0385417 0.0462963
0 0.48125 0.246296 0.0145833 0.0222222
0 0.941667 0.486111 0.0875 0.087037
0 0.975 0.517593 0.05 0.0685185
0 0.984375 0.568519 0.03125 0.0925926
0 0.481771 0.309259 0.0239583 0.037037
0 0.241146 0.358333 0.040625 0.0537037
0 0.0109375 0.542593 0.021875 0.0703704
0 0.113021 0.449074 0.0802083 0.087037
0 0.432292 0.343519 0.0333333 0.0537037
0 0.702604 0.589815 0.0864583 0.124074
0 0.210938 0.37963 0.0489583 0.0555556
