0 0.313542 0.148148 0.0208333 0.0407407
0 0.324479 0.132407 0.034375 0.0388889
0 0.065625 0.275 0.05 0.0685185
0 0.990625 0.247222 0.01875 0.05
0 0.940625 0.197222 0.0583333 0.0648148
0 0.35625 0.112963 0.0270833 0.0333333
0 0.219271 0.218519 0.0302083 0.0481481
0 0.85625 0.148148 0.0583333 0.0592593
0 0.50625 0.0759259 0.01875 0.0259259
0 0.953646 0.15 0.0760417 0.062963
0 0.625 0.113889 0.0291667 0.0462963
0 0.277604 0.173148 0.0302083 0.0425926
0 0.531771 0.062037 0.0197917 0.0277778
0 0.295833 0.161111 0.0270833 0.0444444
0 0.195833 0.226852 0.0375 0.0611111
0 0.63125 0.0694444 0.01875 0.0314815
0 0.586458 0.119444 0.025 0.0388889
0 0.971875 0.214815 0.05625 0.0703704
0 0.263542 0.186111 0.0333333 0.05
0 0.627604 0.143519 0.0322917 0.0537037
0 0.0651042 0.35463 0.034375 0.0796296
0 0.577083 0.0944444 0.0229167 0.0333333
0 0.241146 0.202778 0.0427083 0.0537037
0 0.51875 0.107407 0.025 0.0333333
0 0.158854 0.214815 0.0489583 0.0592593
0 0.128125 0.287037 0.0520833 0.0740741
0 0.0942708 0.317593 0.065625 0.0833333
0 0.673437 0.237963 0.0552083 0.0759259
0 0.695833 0.47963 0.1 0.140741
