0 0.0307292 0.0592593 0.0177083 0.0296296
0 0.207292 0.142593 0.0416667 0.0518519
0 0.053125 0.0916667 0.025 0.0388889
0 0.0911458 0.148148 0.034375 0.0518519
0 0.476042 0.124074 0.0479167 0.0518519
0 0.0197917 0.119444 0.0270833 0.0425926
0 0.306771 0.217593 0.0572917 0.0722222
0 0.4375 0.45463 0.15625 0.25
0 0.164062 0.162963 0.0427083 0.0592593
0 0.0302083 0.172222 0.0354167 0.0481481
0 0.236458 0.24537 0.05625 0.0796296
0 0.670833 0.188889 0.08125 0.0814815
0 0.628125 0.497222 0.15 0.168519
0 0.440104 0.830556 0.192708 0.331481
