0 0.00989583 0.103704 0.0197917 0.0259259
0 0.0796875 0.0981481 0.084375 0.0407407
0 0.901042 0.119444 0.01875 0.0314815
0 0.716146 0.163889 0.028125 0.0351852
0 0.676562 0.162037 0.034375 0.0425926
0 0.963021 0.138889 0.021875 0.0333333
0 0.628646 0.216667 0.040625 0.0481481
0 0.943229 0.122222 0.0177083 0.0333333
0 0.861979 0.187963 0.0302083 0.0462963
0 0.551042 0.221296 0.0479167 0.0574074
0 0.611979 0.262963 0.0572917 0.0814815
0 0.0708333 0.482407 0.122917 0.12037
0 0.338021 0.475926 0.130208 0.155556
0 0.410417 0.315741 0.0729167 0.0722222
0 0.545833 0.524074 0.110417 0.140741
0 0.171875 0.548148 0.145833 0.144444
