0 0.744271 0.0981481 0.065625 0.0518519
0 0.591667 0.355556 0.139583 0.122222
0 0.419792 0.0842593 0.05 0.0351852
0 0.152604 0.187963 0.0822917 0.0648148
0 0.269792 0.134259 0.05625 0.05
0 0.791146 0.143519 0.0447917 0.0685185
0 0.329167 0.340741 0.09375 0.125926
0 0.961979 0.0175926 0.034375 0.0351852
0 0.764063 0.0453704 0.0427083 0.0462963
0 0.0192708 0.237963 0.0385417 0.05
0 0.0338542 0.213889 0.065625 0.0537037
0 0.213542 0.159259 0.0541667 0.0444444
0 0.988542 0.125926 0.0229167 0.0703704
0 0.590104 0.162963 0.0572917 0.0555556
0 0.257812 0.386111 0.0739583 0.0759259
0 0.347396 0.393519 0.0927083 0.0759259
0 0.878125 0.248148 0.09375 0.0962963
0 0.634896 0.449074 0.138542 0.138889
0 0.357812 0.847222 0.261458 0.268519
