0 0.507812 0.0842593 0.0177083 0.0277778
0 0.454167 0.171296 0.0645833 0.0574074
0 0.161979 0.3 0.0489583 0.0703704
0 0.466667 0.112963 0.025 0.0518519
0 0.860417 0.201852 0.0291667 0.0592593
0 0.79375 0.156481 0.0354167 0.05
0 0.400521 0.203704 0.034375 0.062963
0 0.0463542 0.244444 0.040625 0.0666667
0 0.419792 0.132407 0.0270833 0.0462963
0 0.440104 0.166667 0.0302083 0.0555556
0 0.485938 0.183333 0.0364583 0.0555556
0 0.979688 0.280556 0.040625 0.0796296
0 0.421354 0.233333 0.040625 0.0777778
0 0.351562 0.259259 0.0427083 0.0740741
0 0.476562 0.25 0.046875 0.0703704
0 0.884896 0.217593 0.0510417 0.0796296
0 0.957812 0.235185 0.0802083 0.062963
0 0.683333 0.392593 0.0729167 0.107407
0 0.409896 0.290741 0.0552083 0.0851852
0 0.340625 0.89537 0.16875 0.205556
0 0.309896 0.488889 0.096875 0.144444
0 0.443229 0.393519 0.0760417 0.109259
