0 0.461979 0.0462963 0.0447917 0.0481481
0 0.210417 0.143519 0.0583333 0.0574074
0 0.713021 0.215741 0.0677083 0.0722222
0 0.416667 0.0842593 0.0416667 0.0314815
0 0.376042 0.365741 0.08125 0.0722222
0 0.982292 0.10463 0.0354167 0.0759259
0 0.596354 0.341667 0.142708 0.135185
0 0.376563 0.302778 0.0822917 0.087037
0 0.0453125 0.587963 0.090625 0.112963
0 0.880208 0.47963 0.135417 0.159259
0 0.475 0.781482 0.227083 0.237037
0 0.122917 0.905556 0.24375 0.188889
0 0.754687 0.426852 0.128125 0.138889
