0 0.227604 0.22963 0.0385417 0.0740741
0 0.0916667 0.253704 0.0145833 0.0333333
0 0.0270833 0.373148 0.0520833 0.087037
0 0.605729 0.243519 0.0447917 0.0388889
0 0.223438 0.208333 0.034375 0.0425926
0 0.20625 0.168519 0.0208333 0.0259259
0 0.229687 0.250926 0.0385417 0.05
0 0.295833 0.200926 0.0291667 0.0388889
0 0.652083 0.251852 0.0520833 0.0481481
0 0.7 0.263889 0.0458333 0.0537037
0 0.0479167 0.292593 0.0354167 0.062963
0 0.561458 0.22963 0.0479167 0.037037
0 0.0359375 0.227778 0.0260417 0.0407407
0 0.921875 0.328704 0.0916667 0.0685185
0 0.952604 0.59537 0.0927083 0.190741
0 0.417708 0.307407 0.0604167 0.0814815
0 0.840104 0.307407 0.0927083 0.0592593
0 0.43125 0.236111 0.0458333 0.0425926
0 0.495313 0.409259 0.105208 0.103704
