0 0.358854 0.137037 0.0385417 0.0518519
0 0.808854 0.209259 0.119792 0.0888889
0 0.0338542 0.446296 0.0677083 0.1
0 0.596354 0.0796296 0.028125 0.0444444
0 0.70625 0.0212963 0.0270833 0.0388889
0 0.238542 0.250926 0.0583333 0.0907407
0 0.249479 0.209259 0.078125 0.0888889
0 0.329167 0.156481 0.0520833 0.0611111
0 0.639583 0.0898148 0.0333333 0.0574074
0 0.580729 0.141667 0.0427083 0.0648148
0 0.884896 0.146296 0.059375 0.0814815
0 0.172917 0.30463 0.0395833 0.0981481
0 0.808854 0.105556 0.0489583 0.062963
0 0.401042 0.155556 0.0479167 0.0666667
0 0.0760417 0.390741 0.0791667 0.0851852
0 0.643229 0.240741 0.0677083 0.140741
0 0.131771 0.35 0.084375 0.107407
0 0.834375 0.19537 0.0645833 0.087037
0 0.779688 0.222222 0.0635417 0.0925926
0 0.46875 0.212963 0.05625 0.0851852
0 0.567187 0.19537 0.0552083 0.0981481
0 0.932813 0.668519 0.132292 0.237037
0 0.523438 0.348148 0.0802083 0.133333
0 0.665625 0.427778 0.0916667 0.162963
0 0.413542 0.732407 0.1625 0.301852
