0 0.221354 0.216667 0.053125 0.0962963
0 0.517708 0.271296 0.08125 0.109259
0 0.764063 0.253704 0.130208 0.114815
0 0.301562 0.29537 0.0760417 0.105556
0 0.938021 0.32963 0.123958 0.140741
0 0.951563 0.49537 0.096875 0.172222
0 0.807292 0.407407 0.164583 0.122222
0 0.361458 0.349074 0.0770833 0.105556
0 0.629687 0.338889 0.126042 0.122222
0 0.965625 0.656482 0.06875 0.157407
0 0.835417 0.519444 0.179167 0.216667
0 0.65 0.444444 0.166667 0.144444
0 0.436458 0.409259 0.114583 0.133333
0 0.828646 0.69537 0.278125 0.342593
0 0.59375 0.526852 0.160417 0.175926
