0 0.930208 0.187963 0.135417 0.0685185
0 0.448958 0.138889 0.0354167 0.0703704
0 0.417188 0.140741 0.0322917 0.0555556
0 0.454167 0.116667 0.0333333 0.0592593
0 0.801562 0.12037 0.0427083 0.0555556
0 0.864062 0.159259 0.0322917 0.0592593
0 0.827083 0.134259 0.025 0.0425926
0 0.472396 0.0861111 0.0239583 0.0425926
0 0.980208 0.249074 0.0395833 0.0907407
0 0.455208 0.248148 0.0770833 0.17037
0 0.0489583 0.211111 0.0416667 0.0666667
0 0.304167 0.227778 0.0375 0.0777778
0 0.496354 0.146296 0.034375 0.0555556
0 0.888542 0.17963 0.0520833 0.0777778
0 0.09375 0.937963 0.18125 0.12037
0 0.961979 0.198148 0.0760417 0.0666667
0 0.213542 0.276852 0.0958333 0.087037
0 0.433854 0.450926 0.0989583 0.187037
0 0.291146 0.683333 0.142708 0.233333
