0 0.835417 0.162037 0.0916667 0.0574074
0 0.602083 0.200926 0.0270833 0.0537037
0 0.0489583 0.180556 0.025 0.0314815
0 0.894271 0.268519 0.105208 0.0777778
0 0.3125 0.15 0.0375 0.037037
0 0.513542 0.111111 0.0708333 0.0407407
0 0.974479 0.164815 0.0489583 0.0814815
0 0.222917 0.237037 0.0479167 0.0518519
0 0.758333 0.234259 0.0645833 0.0759259
0 0.0265625 0.253704 0.0364583 0.0555556
0 0.0802083 0.238889 0.0354167 0.0518519
0 0.190104 0.293519 0.0552083 0.0722222
0 0.338542 0.252778 0.0708333 0.0685185
0 0.18125 0.384259 0.075 0.105556
0 0.882812 0.513889 0.230208 0.161111
0 0.357292 0.449074 0.116667 0.15
