0 0.498958 0.0759259 0.0166667 0.0296296
0 0.624479 0.135185 0.0239583 0.0407407
0 0.544792 0.087037 0.0229167 0.0518519
0 0.492708 0.138889 0.0291667 0.0555556
0 0.625521 0.189815 0.0322917 0.0462963
0 0.454688 0.106481 0.0239583 0.0351852
0 0.405729 0.139815 0.0239583 0.0351852
0 0.447917 0.144444 0.0270833 0.037037
0 0.754687 0.20463 0.0385417 0.05
0 0.506771 0.235185 0.0427083 0.0703704
0 0.939583 0.316667 0.0666667 0.0777778
0 0.825 0.298148 0.0583333 0.0703704
0 0.409896 0.312963 0.0552083 0.0814815
0 0.724479 0.266667 0.0489583 0.0666667
0 0.672396 0.331481 0.0552083 0.0777778
0 0.706771 0.457407 0.078125 0.12963
0 0.356771 0.793519 0.132292 0.253704
0 0.893229 0.616667 0.119792 0.188889
0 0.132292 0.833333 0.166667 0.274074
