0 0.0677083 0.344444 0.0375 0.0814815
0 0.859375 0.146296 0.0541667 0.0555556
0 0.484896 0.118519 0.0260417 0.0407407
0 0.673958 0.118519 0.0291667 0.0444444
0 0.238021 0.198148 0.0447917 0.0592593
0 0.535937 0.0592593 0.0197917 0.0296296
0 0.453125 0.156481 0.0395833 0.05
0 0.991667 0.240741 0.0166667 0.0444444
0 0.465625 0.0925926 0.0208333 0.0333333
0 0.193229 0.22037 0.0322917 0.0518519
0 0.954167 0.147222 0.0791667 0.0611111
0 0.942187 0.193519 0.0614583 0.0648148
0 0.159375 0.206481 0.05 0.0611111
0 0.648438 0.149074 0.034375 0.0611111
0 0.264583 0.234259 0.0520833 0.0685185
0 0.460417 0.180556 0.0395833 0.0648148
0 0.705208 0.156481 0.0375 0.0574074
0 0.972396 0.213889 0.0552083 0.0685185
0 0.127083 0.27963 0.0541667 0.0740741
0 0.0911458 0.310185 0.071875 0.0796296
0 0.340104 0.250926 0.046875 0.0722222
0 0.516667 0.178704 0.0375 0.0611111
0 0.688542 0.249074 0.0541667 0.0796296
0 0.773438 0.247222 0.059375 0.0796296
0 0.51875 0.257407 0.0541667 0.0814815
0 0.348958 0.461111 0.09375 0.148148
0 0.482812 0.356481 0.0677083 0.109259
0 0.834896 0.515741 0.111458 0.153704
