0 0.889063 0.257407 0.0947917 0.0666667
0 0.511458 0.108333 0.0666667 0.0425926
0 0.313021 0.146296 0.0385417 0.037037
0 0.856771 0.157407 0.0635417 0.0555556
0 0.164062 0.20463 0.034375 0.0388889
0 0.416146 0.163889 0.046875 0.0425926
0 0.0494792 0.224074 0.0322917 0.0555556
0 0.819271 0.158333 0.053125 0.0574074
0 0.0203125 0.184259 0.0239583 0.0314815
0 0.218229 0.196296 0.040625 0.0444444
0 0.592188 0.197222 0.0510417 0.0537037
0 0.974479 0.161111 0.0489583 0.0814815
0 0.747917 0.230556 0.0875 0.0722222
0 0.136458 0.268519 0.0479167 0.062963
0 0.329167 0.290741 0.0770833 0.0703704
0 0.375521 0.262037 0.0677083 0.0722222
0 0.252083 0.359259 0.08125 0.103704
0 0.46875 0.810185 0.2375 0.368519
