0 0.435417 0.37037 0.127083 0.0925926
0 0.65625 0.136111 0.025 0.0351852
0 0.835417 0.22037 0.0479167 0.0703704
0 0.463021 0.133333 0.021875 0.0444444
0 0.619271 0.15463 0.028125 0.05
0 0.416146 0.140741 0.0239583 0.037037
0 0.527083 0.133333 0.0229167 0.0333333
0 0.0463542 0.0388889 0.0927083 0.0481481
0 0.646354 0.275 0.040625 0.0648148
0 0.922917 0.316667 0.0645833 0.0703704
0 0.751042 0.324074 0.0520833 0.0740741
0 0.782292 0.256481 0.05 0.0611111
0 0.347917 0.252778 0.04375 0.0537037
0 0.469271 0.376852 0.0614583 0.0944444
0 0.786979 0.889815 0.138542 0.216667
0 0.399479 0.348148 0.0552083 0.0814815
0 0.681771 0.408333 0.065625 0.0981481
0 0.0697917 0.498148 0.1 0.122222
0 0.807292 0.455556 0.0833333 0.111111
0 0.947917 0.602778 0.104167 0.142593
