0 0.614583 0.169444 0.0229167 0.0388889
0 0.732813 0.199074 0.034375 0.0462963
0 0.536458 0.143519 0.0229167 0.0351852
0 0.416667 0.140741 0.025 0.0407407
0 0.431771 0.175 0.0302083 0.05
0 0.460938 0.149074 0.021875 0.0314815
0 0.713021 0.239815 0.0385417 0.0574074
0 0.672917 0.177778 0.03125 0.0481481
0 0.392708 0.172222 0.0270833 0.0444444
0 0.857292 0.959259 0.15 0.0777778
0 0.790104 0.255556 0.046875 0.0703704
0 0.6625 0.258333 0.0395833 0.0611111
0 0.739583 0.29537 0.0479167 0.0722222
0 0.628125 0.203704 0.03125 0.0481481
0 0.0234375 0.0472222 0.046875 0.0388889
0 0.964063 0.34537 0.071875 0.0833333
0 0.648438 0.330556 0.053125 0.0796296
0 0.940625 0.459259 0.0916667 0.144444
0 0.395312 0.367593 0.0552083 0.087037
0 0.1 0.630556 0.145833 0.224074
0 0.0223958 0.616667 0.0447917 0.122222
0 0.702083 0.517593 0.0833333 0.135185
0 0.303125 0.877778 0.147917 0.237037
0 0.882812 0.593518 0.111458 0.142593
