0 0.009375 0.103704 0.01875 0.0333333
0 0.856771 0.113889 0.021875 0.0277778
0 0.934375 0.0805556 0.0166667 0.0240741
0 0.714583 0.166667 0.0354167 0.0444444
0 0.881771 0.136111 0.0239583 0.0351852
0 0.792188 0.194444 0.034375 0.0481481
0 0.972396 0.193519 0.0322917 0.0537037
0 0.903125 0.193519 0.0333333 0.0462963
0 0.611458 0.209259 0.04375 0.0481481
0 0.832292 0.219444 0.0375 0.0537037
0 0.966667 0.265741 0.04375 0.0685185
0 0.434375 0.278704 0.0645833 0.0685185
0 0.883333 0.274074 0.0479167 0.0740741
0 0.721875 0.303704 0.0604167 0.0740741
0 0.768229 0.35 0.0697917 0.1
0 0.422396 0.35463 0.0864583 0.0944444
0 0.232292 0.430556 0.104167 0.0981481
