0 0.0791667 0.087963 0.025 0.0351852
0 0.35625 0.0851852 0.0375 0.0444444
0 0.0473958 0.116667 0.0302083 0.0407407
0 0.183854 0.136111 0.0364583 0.05
0 0.102083 0.192593 0.0520833 0.0814815
0 0.0166667 0.178704 0.0333333 0.0574074
0 0.151562 0.164815 0.0364583 0.0555556
0 0.259375 0.19537 0.0520833 0.0648148
0 0.538021 0.162037 0.0635417 0.0685185
0 0.185937 0.237037 0.053125 0.0777778
0 0.111458 0.52037 0.09375 0.174074
0 0.463542 0.374074 0.102083 0.114815
0 0.461979 0.498148 0.132292 0.188889
