0 0.509375 0.242593 0.075 0.0703704
0 0.245312 0.283333 0.0447917 0.0740741
0 0.948958 0.228704 0.0625 0.0462963
0 0.216146 0.237037 0.053125 0.0925926
0 0.132292 0.862963 0.152083 0.266667
0 0.622396 0.237037 0.0989583 0.0888889
0 0.513542 0.297222 0.08125 0.101852
0 0.29375 0.313889 0.0729167 0.105556
0 0.739583 0.278704 0.114583 0.105556
0 0.970833 0.369444 0.0583333 0.0944444
0 0.769792 0.427778 0.158333 0.140741
0 0.961979 0.680556 0.0760417 0.153704
0 0.626562 0.356481 0.132292 0.124074
0 0.829687 0.543519 0.178125 0.22037
0 0.948958 0.518519 0.102083 0.177778
0 0.35625 0.367593 0.0770833 0.105556
0 0.645312 0.465741 0.167708 0.146296
0 0.588021 0.547222 0.159375 0.175926
0 0.43125 0.431481 0.114583 0.133333
0 0.821354 0.715741 0.282292 0.342593
