0 0.0625 0.358333 0.0354167 0.0759259
0 0.580208 0.037037 0.0145833 0.0222222
0 0.938021 0.2 0.0635417 0.0666667
0 0.625521 0.118519 0.0364583 0.0518519
0 0.856771 0.150926 0.0510417 0.0574074
0 0.631771 0.0657407 0.0197917 0.0277778
0 0.633854 0.137037 0.028125 0.0555556
0 0.95 0.15463 0.0770833 0.0611111
0 0.278646 0.173148 0.0322917 0.0425926
0 0.291146 0.168519 0.0260417 0.0444444
0 0.0895833 0.319444 0.0729167 0.0796296
0 0.594792 0.0611111 0.0166667 0.0259259
0 0.261458 0.189815 0.0333333 0.05
0 0.970833 0.219444 0.0583333 0.0685185
0 0.618229 0.107407 0.028125 0.0407407
0 0.116146 0.289815 0.0697917 0.0759259
0 0.239063 0.207407 0.0447917 0.0518519
0 0.155729 0.22037 0.0510417 0.0592593
0 0.457292 0.124074 0.025 0.037037
0 0.586458 0.157407 0.03125 0.0518519
0 0.202604 0.226852 0.059375 0.0611111
0 0.655729 0.196296 0.040625 0.062963
0 0.750521 0.17037 0.0677083 0.0518519
0 0.907292 0.5 0.125 0.155556
