0 0.0510417 0.362963 0.1 0.107407
0 0.236979 0.324074 0.084375 0.1
0 0.60625 0.0796296 0.0208333 0.0296296
0 0.335417 0.153704 0.0416667 0.0518519
0 0.330729 0.215741 0.0489583 0.0685185
0 0.544271 0.111111 0.0239583 0.0407407
0 0.969792 0.138889 0.04375 0.0407407
0 0.702083 0.142593 0.0354167 0.0518519
0 0.652604 0.213889 0.0385417 0.0611111
0 0.622917 0.112963 0.0229167 0.0444444
0 0.590625 0.132407 0.0270833 0.0425926
0 0.0276042 0.374074 0.0552083 0.0962963
0 0.970312 0.394444 0.059375 0.159259
0 0.773438 0.185185 0.0427083 0.0592593
0 0.588021 0.177778 0.034375 0.0555556
0 0.320312 0.235185 0.0489583 0.0703704
0 0.845312 0.217593 0.0489583 0.0685185
0 0.290625 0.264815 0.0541667 0.0777778
0 0.25625 0.303704 0.0625 0.0851852
0 0.668229 0.25463 0.0552083 0.0796296
0 0.622396 0.305556 0.0552083 0.0925926
0 0.0479167 0.560185 0.09375 0.17963
0 0.834375 0.328704 0.075 0.0944444
0 0.219792 0.344444 0.0645833 0.0962963
0 0.527604 0.371296 0.0697917 0.127778
0 0.16875 0.394444 0.0958333 0.125926
0 0.638021 0.677778 0.130208 0.266667
