0 0.855208 0.181481 0.0354167 0.0333333
0 0.971354 0.216667 0.015625 0.0259259
0 0.915625 0.239815 0.025 0.0277778
0 0.66875 0.251852 0.04375 0.0407407
0 0.639583 0.262963 0.0375 0.037037
0 0.913542 0.202778 0.01875 0.0240741
0 0.979688 0.25 0.0302083 0.0407407
0 0.569271 0.292593 0.046875 0.0481481
0 0.607292 0.275 0.0416667 0.0425926
0 0.946875 0.239815 0.0270833 0.0351852
0 0.920313 0.281481 0.0364583 0.0481481
0 0.95 0.326852 0.04375 0.0611111
0 0.863542 0.289815 0.0375 0.05
0 0.407813 0.342593 0.0739583 0.0740741
0 0.722917 0.431481 0.05 0.0851852
0 0.525521 0.305556 0.046875 0.0444444
0 0.169271 0.396296 0.059375 0.062963
0 0.188542 0.506481 0.133333 0.101852
0 0.255729 0.412963 0.105208 0.0777778
