0 0.426562 0.125926 0.0322917 0.0444444
0 0.692708 0.105556 0.0333333 0.0444444
0 0.782292 0.112963 0.0333333 0.0444444
0 0.4875 0.0898148 0.0333333 0.0722222
0 0.736979 0.147222 0.040625 0.0685185
0 0.358854 0.139815 0.0322917 0.0462963
0 0.686458 0.14537 0.0333333 0.05
0 0.633333 0.147222 0.0333333 0.05
0 0.514063 0.161111 0.034375 0.0555556
0 0.690625 0.192593 0.0375 0.0555556
0 0.656771 0.228704 0.046875 0.087037
0 0.804167 0.219444 0.0520833 0.0685185
0 0.491146 0.253704 0.0510417 0.0777778
0 0.4125 0.275 0.05625 0.0833333
0 0.808854 0.933333 0.153125 0.12963
0 0.218229 0.307407 0.0677083 0.0777778
0 0.430208 0.418519 0.0708333 0.122222
0 0.0661458 0.631481 0.132292 0.188889
0 0.241146 0.6 0.117708 0.177778
0 0.314583 0.79537 0.15 0.301852
