0 0.252604 0.328704 0.0364583 0.0796296
0 0.289062 0.233333 0.0447917 0.062963
0 0.176563 0.380556 0.0385417 0.0981481
0 0.595312 0.175926 0.034375 0.0481481
0 0.588021 0.116667 0.0260417 0.0407407
0 0.607813 0.140741 0.028125 0.0555556
0 0.335417 0.237963 0.05625 0.0611111
0 0.388021 0.199074 0.0322917 0.05
0 0.267188 0.301852 0.0510417 0.0703704
0 0.641146 0.105556 0.0197917 0.0333333
0 0.0317708 0.523148 0.0635417 0.109259
0 0.0796875 0.466667 0.078125 0.0888889
0 0.655208 0.168519 0.0354167 0.0592593
0 0.590625 0.213889 0.0416667 0.0611111
0 0.135937 0.423148 0.0864583 0.109259
0 0.651042 0.252778 0.0416667 0.0722222
0 0.652604 0.500926 0.0864583 0.153704
0 0.554688 0.282407 0.0572917 0.087037
0 0.275521 0.812963 0.161458 0.266667
0 0.541667 0.401852 0.0729167 0.118519
0 0.841667 0.251852 0.0604167 0.0814815
0 0.497917 0.632407 0.114583 0.205556
