0 0.954687 0.115741 0.0364583 0.0388889
0 0.645312 0.0796296 0.046875 0.0407407
0 0.149479 0.177778 0.096875 0.0777778
0 0.118229 0.606481 0.236458 0.309259
0 0.914583 0.118519 0.05625 0.0518519
0 0.452604 0.0898148 0.0552083 0.0611111
0 0.865625 0.125926 0.0583333 0.0481481
0 0.977604 0.111111 0.0447917 0.0518519
0 0.567187 0.160185 0.0802083 0.0796296
0 0.217187 0.891667 0.430208 0.201852
0 0.183854 0.234259 0.136458 0.109259
0 0.201042 0.467593 0.166667 0.157407
0 0.0484375 0.261111 0.096875 0.0962963
0 0.830208 0.274074 0.13125 0.103704
