0 0.245312 0.158333 0.0177083 0.0240741
0 0.602604 0.239815 0.0510417 0.0388889
0 0.653125 0.25 0.0541667 0.0444444
0 0.291667 0.168519 0.0208333 0.0296296
0 0.285937 0.275 0.0239583 0.0611111
0 0.0265625 0.368519 0.0510417 0.0888889
0 0.559375 0.227778 0.04375 0.037037
0 0.197917 0.219444 0.03125 0.0351852
0 0.215104 0.202778 0.0239583 0.0388889
0 0.7125 0.262963 0.0708333 0.0592593
0 0.046875 0.288889 0.0333333 0.062963
0 0.919271 0.327778 0.0989583 0.0703704
0 0.8375 0.306481 0.0895833 0.0574074
0 0.295833 0.242593 0.04375 0.0518519
0 0.0354167 0.225926 0.0270833 0.0407407
0 0.55625 0.294444 0.06875 0.062963
0 0.892187 0.418519 0.132292 0.0962963
0 0.744792 0.562037 0.133333 0.153704
