0 0.835938 0.164815 0.0260417 0.037037
0 0.965104 0.144444 0.021875 0.0333333
0 0.0104167 0.10463 0.0208333 0.0277778
0 0.871875 0.171296 0.0291667 0.0388889
0 0.0817708 0.0981481 0.084375 0.037037
0 0.971875 0.19537 0.0291667 0.0537037
0 0.278646 0.559259 0.151042 0.155556
0 0.666667 0.191667 0.0333333 0.0425926
0 0.636979 0.164815 0.0302083 0.037037
0 0.649479 0.249074 0.0489583 0.0574074
0 0.759896 0.25463 0.046875 0.0648148
0 0.827083 0.273148 0.0416667 0.0648148
0 0.9 0.303704 0.04375 0.0666667
0 0.977083 0.389815 0.0458333 0.0907407
0 0.0307292 0.525 0.0614583 0.0981481
0 0.285417 0.463889 0.125 0.116667
0 0.652604 0.597222 0.119792 0.161111
