0 0.00416667 0.180556 0.00833333 0.0351852
0 0.13125 0.153704 0.0375 0.0666667
0 0.823438 0.127778 0.059375 0.062963
0 0.783333 0.127778 0.05625 0.0666667
0 0.9375 0.137037 0.05 0.0740741
0 0.558854 0.162963 0.053125 0.0518519
0 0.0364583 0.162037 0.03125 0.0425926
0 0.519792 0.15 0.06875 0.0592593
0 0.293229 0.248148 0.0739583 0.0814815
0 0.115104 0.299074 0.0677083 0.116667
0 0.713542 0.197222 0.0833333 0.0685185
0 0.0489583 0.264815 0.05625 0.0814815
0 0.950521 0.539815 0.096875 0.135185
0 0.143229 0.533333 0.115625 0.181481
0 0.410417 0.517593 0.158333 0.209259
