0 0.00989583 0.655556 0.0197917 0.1
0 0.219792 0.263889 0.0375 0.0314815
0 0.0286458 0.184259 0.0197917 0.0277778
0 0.527083 0.267593 0.0520833 0.05
0 0.575 0.274074 0.05 0.0555556
0 0.979688 0.37963 0.040625 0.0555556
0 0.892708 0.35463 0.0895833 0.0611111
0 0.782812 0.32963 0.090625 0.062963
0 0.704687 0.310185 0.084375 0.0537037
0 0.0302083 0.226852 0.025 0.0277778
0 0.433333 0.250926 0.0479167 0.0388889
0 0.266146 0.267593 0.0427083 0.0462963
0 0.379167 0.305556 0.0645833 0.0592593
0 0.746354 0.40463 0.119792 0.0833333
0 0.646875 0.52037 0.164583 0.151852
