0 0.341146 0.187963 0.0427083 0.0574074
0 0.295312 0.219444 0.0572917 0.0611111
0 0.365104 0.155556 0.0385417 0.0518519
0 0.232812 0.214815 0.0427083 0.0666667
0 0.350521 0.174074 0.040625 0.0592593
0 0.957812 0.128704 0.0489583 0.05
0 0.578646 0.062963 0.0197917 0.037037
0 0.327604 0.203704 0.040625 0.0592593
0 0.540625 0.0814815 0.0208333 0.0296296
0 0.235938 0.290741 0.0510417 0.0814815
0 0.676042 0.79537 0.141667 0.383333
0 0.56875 0.114815 0.0291667 0.0481481
0 0.594792 0.0888889 0.0270833 0.0407407
0 0.215104 0.325 0.0677083 0.0944444
0 0.575521 0.178704 0.0385417 0.0611111
0 0.0708333 0.484259 0.09375 0.131481
0 0.172396 0.371296 0.0822917 0.112963
0 0.63125 0.157407 0.0375 0.0555556
0 0.0333333 0.556481 0.0666667 0.172222
0 0.693229 0.308333 0.0677083 0.105556
0 0.121354 0.423148 0.090625 0.12037
0 0.570833 0.383333 0.0729167 0.12963
