0 0.314583 0.182407 0.0520833 0.0648148
0 0.358333 0.137037 0.04375 0.0555556
0 0.297917 0.190741 0.0583333 0.062963
0 0.482292 0.198148 0.172917 0.1
0 0.332292 0.173148 0.0458333 0.0648148
0 0.242708 0.185185 0.0479167 0.0666667
0 0.519792 0.211111 0.104167 0.0703704
0 0.240104 0.262037 0.0510417 0.0833333
0 0.64375 0.0166667 0.0208333 0.0296296
0 0.672396 0.0138889 0.0197917 0.0240741
0 0.220313 0.297222 0.0697917 0.0944444
0 0.445312 0.181481 0.103125 0.0962963
0 0.0776042 0.462037 0.0885417 0.135185
0 0.127083 0.399074 0.0895833 0.124074
0 0.0364583 0.532407 0.0729167 0.175926
0 0.178125 0.343519 0.08125 0.112963
0 0.950521 0.4 0.0989583 0.133333
