0 0.329167 0.0842593 0.0479167 0.0388889
0 0.594792 0.0759259 0.0583333 0.0407407
0 0.175521 0.0787037 0.0302083 0.0277778
0 0.304167 0.0537037 0.0291667 0.0296296
0 0.9625 0.291667 0.075 0.0537037
0 0.0369792 0.0425926 0.0260417 0.0407407
0 0.969271 0.458333 0.0614583 0.142593
0 0.102083 0.0611111 0.025 0.0296296
0 0.230208 0.112037 0.0395833 0.0574074
0 0.810417 0.153704 0.0458333 0.0444444
0 0.121354 0.138889 0.040625 0.062963
0 0.790625 0.223148 0.075 0.0759259
0 0.382812 0.390741 0.119792 0.151852
0 0.731771 0.405556 0.176042 0.148148
