0 0.836458 0.0777778 0.0208333 0.0259259
0 0.774479 0.0574074 0.0177083 0.0259259
0 0.917188 0.0740741 0.021875 0.037037
0 0.95 0.0398148 0.0166667 0.0277778
0 0.649479 0.0944444 0.0302083 0.037037
0 0.950521 0.0888889 0.021875 0.0407407
0 0.871875 0.0712963 0.0208333 0.0314815
0 0.563021 0.155556 0.0427083 0.0444444
0 0.889063 0.115741 0.0260417 0.0425926
0 0.840625 0.144444 0.0333333 0.0481481
0 0.619792 0.166667 0.0416667 0.0481481
0 0.95 0.161111 0.03125 0.0518519
0 0.524479 0.199074 0.053125 0.0537037
0 0.182812 0.469444 0.159375 0.190741
0 0.570312 0.246296 0.0614583 0.0740741
0 0.920313 0.264815 0.046875 0.0740741
0 0.885417 0.180556 0.0395833 0.0574074
0 0.065625 0.505556 0.127083 0.133333
0 0.332292 0.289815 0.08125 0.0944444
0 0.641667 0.562963 0.120833 0.177778
