0 0.583854 0.109259 0.0197917 0.0407407
0 0.692708 0.15463 0.0270833 0.0388889
0 0.0807292 0.0203704 0.0677083 0.037037
0 0.722917 0.193519 0.0375 0.0611111
0 0.65 0.182407 0.0354167 0.0462963
0 0.8875 0.3 0.0645833 0.0925926
0 0.390104 0.190741 0.0322917 0.0481481
0 0.445312 0.188889 0.0302083 0.0444444
0 0.623958 0.256481 0.0416667 0.0611111
0 0.890104 0.419444 0.0864583 0.124074
0 0.332812 0.677778 0.121875 0.240741
0 0.984375 0.62037 0.03125 0.103704
0 0.782812 0.306481 0.059375 0.0722222
0 0.381771 0.310185 0.0510417 0.0759259
0 0.779167 0.432407 0.075 0.109259
0 0.641146 0.362963 0.0572917 0.0851852
0 0.743229 0.792593 0.128125 0.211111
