0 0.982292 0.187963 0.0354167 0.0796296
0 0.585417 0.0185185 0.025 0.037037
0 0.618229 0.062963 0.0302083 0.0481481
0 0.0161458 0.247222 0.0322917 0.0796296
0 0.567708 0.0833333 0.0333333 0.0555556
0 0.4625 0.0648148 0.0270833 0.0481481
0 0.0572917 0.159259 0.0583333 0.0703704
0 0.891667 0.125926 0.0520833 0.0777778
0 0.397917 0.140741 0.0479167 0.0703704
0 0.136979 0.162963 0.0572917 0.062963
0 0.280729 0.191667 0.0802083 0.0981481
0 0.586458 0.138889 0.04375 0.0666667
0 0.485417 0.136111 0.0395833 0.0685185
0 0.961979 0.143519 0.0760417 0.0648148
0 0.744271 0.212037 0.0614583 0.087037
0 0.364583 0.164815 0.075 0.0740741
0 0.0989583 0.238889 0.0791667 0.0814815
0 0.604688 0.27037 0.0677083 0.118519
0 0.706771 0.286111 0.0739583 0.101852
0 0.702604 0.485185 0.105208 0.177778
0 0.900521 0.717593 0.198958 0.283333
