0 0.788542 0.35463 0.0270833 0.0425926
0 0.310937 0.3 0.065625 0.0481481
0 0.482812 0.223148 0.009375 0.0166667
0 0.053125 0.386111 0.0458333 0.0462963
0 0.822396 0.372222 0.0510417 0.0518519
0 0.605208 0.256481 0.0145833 0.0240741
0 0.767187 0.341667 0.040625 0.0462963
0 0.328646 0.286111 0.0447917 0.0462963
0 0.295833 0.309259 0.0354167 0.0407407
0 0.942708 0.469444 0.0833333 0.0833333
0 0.113021 0.434259 0.084375 0.0907407
0 0.271354 0.327778 0.0364583 0.0444444
0 0.853646 0.402778 0.0572917 0.0537037
0 0.976042 0.50463 0.0479167 0.0685185
0 0.9 0.426852 0.0791667 0.0833333
0 0.59375 0.285185 0.0229167 0.0333333
0 0.622396 0.731481 0.0989583 0.177778
0 0.986458 0.55463 0.0270833 0.0833333
0 0.0130208 0.534259 0.0260417 0.0833333
0 0.244271 0.34537 0.0427083 0.05
0 0.213021 0.365741 0.0489583 0.0537037
