0 0.449479 0.0712963 0.0427083 0.0351852
0 0.346354 0.109259 0.040625 0.0333333
0 0.158333 0.183333 0.0541667 0.0407407
0 0.995833 0.690741 0.00833333 0.133333
0 0.985937 0.0138889 0.028125 0.0240741
0 0.0708333 0.217593 0.0604167 0.0388889
0 0.395833 0.0907407 0.0479167 0.037037
0 0.0260417 0.240741 0.0520833 0.0481481
0 0.223958 0.159259 0.0416667 0.0444444
0 0.197396 0.159259 0.040625 0.0481481
0 0.591667 0.350926 0.141667 0.127778
0 0.565625 0.233333 0.0520833 0.0518519
0 0.03125 0.207407 0.0583333 0.0407407
0 0.508854 0.238889 0.065625 0.062963
0 0.875521 0.234259 0.0864583 0.0944444
0 0.235938 0.442593 0.0989583 0.0925926
0 0.819271 0.474074 0.132292 0.155556
