0 0.00677083 0.0416667 0.0135417 0.0314815
0 0.0203125 0.0185185 0.0197917 0.0333333
0 0.292708 0.087963 0.0416667 0.05
0 0.0661458 0.0509259 0.0260417 0.0388889
0 0.0270833 0.062037 0.0291667 0.0462963
0 0.078125 0.116667 0.0395833 0.0592593
0 0.177083 0.149074 0.0479167 0.0611111
0 0.417708 0.175 0.0666667 0.0648148
0 0.513542 0.149074 0.0708333 0.0648148
0 0.608333 0.158333 0.0708333 0.0648148
0 0.276563 0.241667 0.0697917 0.087037
0 0.799479 0.682407 0.215625 0.246296
0 0.292708 0.609259 0.141667 0.22963
0 0.796875 0.225926 0.0958333 0.0777778
