0 0.670833 0.244444 0.0416667 0.0407407
0 0.858333 0.173148 0.0416667 0.0314815
0 0.640104 0.256481 0.0364583 0.0425926
0 0.944792 0.165741 0.0125 0.0166667
0 0.607292 0.268519 0.0416667 0.0407407
0 0.569792 0.282407 0.0479167 0.0462963
0 0.528125 0.299074 0.05 0.0462963
0 0.973437 0.211111 0.0197917 0.0296296
0 0.941667 0.246296 0.0270833 0.0333333
0 0.408333 0.338889 0.0729167 0.0703704
0 0.170312 0.390741 0.059375 0.0592593
0 0.958854 0.302778 0.0364583 0.0611111
0 0.899479 0.300926 0.040625 0.0648148
0 0.771875 0.462963 0.0916667 0.107407
0 0.84375 0.293519 0.0479167 0.0574074
0 0.2625 0.408333 0.0958333 0.0796296
0 0.575 0.352778 0.0708333 0.0796296
0 0.0713542 0.573148 0.142708 0.135185
0 0.150521 0.908333 0.298958 0.17963
0 0.667188 0.646296 0.148958 0.185185
