0 0.991146 0.249074 0.0177083 0.05
0 0.855729 0.148148 0.059375 0.0592593
0 0.3125 0.15 0.0208333 0.0407407
0 0.0640625 0.277778 0.0489583 0.0703704
0 0.594271 0.0472222 0.0177083 0.0277778
0 0.628646 0.122222 0.028125 0.0407407
0 0.303646 0.155556 0.028125 0.0407407
0 0.507812 0.0722222 0.0177083 0.0259259
0 0.951563 0.151852 0.0739583 0.062963
0 0.632292 0.075 0.0208333 0.0314815
0 0.295833 0.162037 0.025 0.0425926
0 0.532292 0.0611111 0.0166667 0.0259259
0 0.630208 0.148148 0.0354167 0.0740741
0 0.205208 0.22037 0.0541667 0.0703704
0 0.971875 0.218519 0.05625 0.0703704
0 0.522396 0.0990741 0.021875 0.0351852
0 0.2625 0.187963 0.03125 0.05
0 0.279687 0.174074 0.028125 0.0444444
0 0.578125 0.101852 0.0208333 0.0296296
0 0.588021 0.126852 0.0260417 0.0388889
0 0.065625 0.35463 0.0333333 0.0796296
0 0.241667 0.203704 0.0416667 0.0518519
0 0.158854 0.215741 0.046875 0.0611111
0 0.0953125 0.319444 0.065625 0.0833333
0 0.128646 0.287963 0.0510417 0.0722222
0 0.686979 0.271296 0.059375 0.0833333
0 0.727083 0.592593 0.120833 0.174074
