0 0.751042 0.242593 0.0458333 0.0703704
0 0.395312 0.14537 0.028125 0.0574074
0 0.703125 0.118519 0.025 0.0333333
0 0.480208 0.165741 0.0291667 0.0425926
0 0.339583 0.212037 0.0395833 0.05
0 0.810417 0.188889 0.0395833 0.0518519
0 0.622396 0.136111 0.0302083 0.0648148
0 0.526563 0.157407 0.0302083 0.0481481
0 0.663021 0.139815 0.028125 0.0425926
0 0.496354 0.127778 0.021875 0.0333333
0 0.414583 0.189815 0.0291667 0.0611111
0 0.464063 0.19537 0.0364583 0.05
0 0.760938 0.202778 0.0385417 0.05
0 0.697917 0.193519 0.0354167 0.0537037
0 0.425521 0.271296 0.046875 0.0759259
0 0.656771 0.271296 0.0447917 0.0685185
0 0.488021 0.286111 0.0510417 0.101852
0 0.215625 0.346296 0.0666667 0.0851852
0 0.0979167 0.840741 0.195833 0.307407
0 0.740104 0.25463 0.0427083 0.0611111
0 0.1875 0.490741 0.09375 0.122222
0 0.331771 0.444444 0.0802083 0.114815
0 0.388021 0.615741 0.105208 0.168519
