0 0.985417 0.225926 0.0291667 0.0703704
0 0.8625 0.184259 0.0375 0.0314815
0 0.677604 0.252778 0.040625 0.0425926
0 0.646354 0.266667 0.0364583 0.0407407
0 0.932292 0.187963 0.0145833 0.0203704
0 0.614062 0.278704 0.0427083 0.0425926
0 0.416146 0.351852 0.0697917 0.0666667
0 0.818229 0.275926 0.0385417 0.0407407
0 0.576042 0.29537 0.0458333 0.0462963
0 0.533854 0.308333 0.0489583 0.0462963
0 0.353646 0.380556 0.0822917 0.0796296
0 0.667708 0.337037 0.0625 0.0777778
0 0.176042 0.400926 0.0604167 0.0648148
0 0.327604 0.616667 0.167708 0.159259
0 0.267708 0.417593 0.09375 0.0759259
