0 0.946354 0.143519 0.0677083 0.0611111
0 0.310417 0.14537 0.0229167 0.0388889
0 0.355208 0.108333 0.025 0.0314815
0 0.990625 0.237963 0.01875 0.0537037
0 0.589583 0.0342593 0.01875 0.0240741
0 0.941146 0.187963 0.059375 0.0648148
0 0.859375 0.141667 0.0520833 0.0574074
0 0.576042 0.0787037 0.025 0.0314815
0 0.63125 0.0564815 0.01875 0.0277778
0 0.621875 0.114815 0.0291667 0.0592593
0 0.619792 0.0972222 0.0270833 0.0462963
0 0.279167 0.168519 0.0270833 0.0444444
0 0.529688 0.0675926 0.0197917 0.0277778
0 0.0640625 0.350926 0.0322917 0.0759259
0 0.294792 0.155556 0.025 0.0444444
0 0.503125 0.0787037 0.0208333 0.0277778
0 0.580729 0.0935185 0.028125 0.05
0 0.204688 0.215741 0.0552083 0.0611111
0 0.970833 0.208333 0.0583333 0.0648148
0 0.830208 0.821296 0.195833 0.342593
0 0.240104 0.196296 0.0364583 0.0518519
0 0.263021 0.181481 0.0322917 0.0518519
0 0.509375 0.118519 0.0270833 0.0407407
0 0.158333 0.209259 0.05 0.062963
0 0.655208 0.190741 0.04375 0.062963
0 0.127083 0.281481 0.0520833 0.0740741
0 0.0911458 0.313889 0.071875 0.087037
0 0.666146 0.352778 0.0739583 0.109259
