0 0.078125 0.0666667 0.0291667 0.0481481
0 0.368229 0.0972222 0.0510417 0.0537037
0 0.0932292 0.103704 0.0385417 0.0481481
0 0.486979 0.187037 0.0697917 0.062963
0 0.469271 0.0833333 0.0489583 0.0481481
0 0.0854167 0.173148 0.0479167 0.0722222
0 0.744792 0.314815 0.0958333 0.0814815
0 0.590104 0.464815 0.146875 0.214815
0 0.222917 0.240741 0.0666667 0.0851852
0 0.705729 0.253704 0.109375 0.0851852
0 0.338021 0.258333 0.0760417 0.0944444
0 0.302083 0.351852 0.0916667 0.122222
0 0.189063 0.410185 0.0927083 0.135185
