0 0.790625 0.12037 0.01875 0.0296296
0 0.0416667 0.0703704 0.08125 0.062963
0 0.732292 0.136111 0.0229167 0.0314815
0 0.756771 0.138889 0.0260417 0.0407407
0 0.0109375 0.112037 0.021875 0.0351852
0 0.839583 0.163889 0.0270833 0.0425926
0 0.868229 0.135185 0.0197917 0.0296296
0 0.960938 0.105556 0.015625 0.0259259
0 0.88125 0.166667 0.025 0.0333333
0 0.829167 0.211111 0.03125 0.0444444
0 0.0791667 0.10463 0.0895833 0.0425926
0 0.0651042 0.771296 0.130208 0.201852
0 0.961979 0.233333 0.034375 0.0518519
0 0.634375 0.210185 0.0395833 0.0722222
0 0.9 0.250926 0.0333333 0.0685185
0 0.699479 0.352778 0.065625 0.087037
0 0.376042 0.350926 0.0854167 0.0944444
0 0.777083 0.399074 0.0666667 0.0907407
0 0.443229 0.403704 0.096875 0.103704
