0 0.884896 0.101852 0.0177083 0.0296296
0 0.0776042 0.0972222 0.0864583 0.0425926
0 0.939062 0.119444 0.0177083 0.0314815
0 0.725 0.130556 0.0208333 0.0314815
0 0.90625 0.255556 0.0458333 0.0740741
0 0.925521 0.148148 0.0239583 0.0407407
0 0.96875 0.168519 0.025 0.037037
0 0.650521 0.200926 0.040625 0.0425926
0 0.974479 0.371296 0.0510417 0.087037
0 0.496875 0.27037 0.0604167 0.0555556
0 0.804167 0.219444 0.0354167 0.05
0 0.576563 0.25463 0.0552083 0.0537037
0 0.539062 0.332407 0.0760417 0.0833333
0 0.0739583 0.753704 0.147917 0.211111
0 0.0635417 0.551852 0.127083 0.144444
0 0.216667 0.519444 0.135417 0.131481
0 0.564583 0.786111 0.1625 0.231481
0 0.381771 0.797222 0.184375 0.224074
