0 0.51875 0.272222 0.0791667 0.103704
0 0.794271 0.262963 0.136458 0.12963
0 0.970833 0.331481 0.05625 0.114815
0 0.300521 0.290741 0.0739583 0.103704
0 0.952083 0.489815 0.0958333 0.17963
0 0.808333 0.405556 0.164583 0.122222
0 0.632812 0.333333 0.134375 0.114815
0 0.835938 0.518519 0.180208 0.214815
0 0.966146 0.653704 0.0677083 0.155556
0 0.361458 0.346296 0.0770833 0.103704
0 0.650521 0.442593 0.167708 0.144444
0 0.436979 0.407407 0.113542 0.133333
0 0.828646 0.690741 0.278125 0.340741
0 0.594271 0.524074 0.159375 0.174074
