0 0.859896 0.125 0.0177083 0.0277778
0 0.719792 0.114815 0.0229167 0.0296296
0 0.553646 0.178704 0.084375 0.0981481
0 0.00989583 0.103704 0.0197917 0.0296296
0 0.0770833 0.1 0.0895833 0.0407407
0 0.756771 0.111111 0.0197917 0.0259259
0 0.966667 0.0907407 0.0166667 0.037037
0 0.695833 0.138889 0.0229167 0.0296296
0 0.930208 0.125 0.0208333 0.0314815
0 0.890104 0.125926 0.021875 0.0407407
0 0.732292 0.15 0.0270833 0.0296296
0 0.640104 0.183333 0.034375 0.0444444
0 0.908854 0.224074 0.0385417 0.0555556
0 0.872396 0.17037 0.0302083 0.0407407
0 0.664062 0.198148 0.0385417 0.0444444
0 0.790625 0.216667 0.0375 0.0518519
0 0.530729 0.248148 0.0572917 0.0555556
0 0.372396 0.367593 0.0947917 0.0944444
0 0.40625 0.436111 0.110417 0.109259
0 0.190104 0.408333 0.105208 0.109259
0 0.1 0.613889 0.164583 0.164815
