0 0.669792 0.263889 0.03125 0.0351852
0 0.851562 0.260185 0.0302083 0.0314815
0 0.930208 0.211111 0.0145833 0.0222222
0 0.858333 0.193519 0.03125 0.0277778
0 0.611458 0.287037 0.0416667 0.037037
0 0.643229 0.276852 0.034375 0.0425926
0 0.577604 0.303704 0.053125 0.0444444
0 0.414583 0.361111 0.0729167 0.062963
0 0.176563 0.410185 0.0572917 0.0574074
0 0.878125 0.227778 0.0208333 0.0333333
0 0.532812 0.318519 0.0510417 0.0444444
0 0.353646 0.391667 0.0802083 0.0796296
0 0.266667 0.427778 0.0958333 0.0777778
