0 0.585417 0.0435185 0.025 0.0388889
0 0.0125 0.558333 0.025 0.138889
0 0.689583 0.0324074 0.025 0.0351852
0 0.0322917 0.330556 0.0645833 0.124074
0 0.986979 0.0657407 0.0260417 0.0462963
0 0.557813 0.0861111 0.028125 0.05
0 0.298958 0.194444 0.0479167 0.0740741
0 0.948958 0.0685185 0.0416667 0.0481481
0 0.972917 0.111111 0.0520833 0.0518519
0 0.269792 0.225 0.0583333 0.0796296
0 0.505729 0.152778 0.0677083 0.087037
0 0.782292 0.22037 0.0666667 0.0962963
0 0.0385417 0.528704 0.075 0.17963
0 0.643229 0.15 0.0427083 0.0666667
0 0.575 0.153704 0.0375 0.0666667
0 0.234375 0.262037 0.0604167 0.087037
0 0.197917 0.30463 0.0666667 0.0981481
0 0.151042 0.359259 0.09375 0.125926
0 0.590625 0.273148 0.0604167 0.105556
0 0.951563 0.293519 0.0947917 0.109259
0 0.65 0.532407 0.108333 0.205556
