0 0.603646 0.194444 0.078125 0.0592593
0 0.511458 0.106481 0.075 0.0425926
0 0.0078125 0.162037 0.015625 0.0314815
0 0.351042 0.153704 0.0479167 0.0444444
0 0.184896 0.185185 0.034375 0.037037
0 0.413021 0.159259 0.0510417 0.0407407
0 0.974479 0.15463 0.0489583 0.087037
0 0.895833 0.256481 0.110417 0.0759259
0 0.0270833 0.201852 0.0291667 0.0444444
0 0.138542 0.172222 0.0291667 0.037037
0 0.0833333 0.20463 0.0270833 0.0388889
0 0.05 0.180556 0.0208333 0.0314815
0 0.748958 0.224074 0.0895833 0.0740741
0 0.608854 0.433333 0.159375 0.133333
0 0.0682292 0.249074 0.0364583 0.0537037
0 0.603646 0.328704 0.134375 0.105556
0 0.404687 0.268519 0.0864583 0.0777778
0 0.319271 0.711111 0.161458 0.288889
