0 0.513542 0.401852 0.05625 0.144444
0 0.279687 0.296296 0.0177083 0.0222222
0 0.872917 0.325 0.0520833 0.0537037
0 0.00729167 0.873148 0.0145833 0.112963
0 0.646354 0.226852 0.0197917 0.0277778
0 0.330729 0.269444 0.0239583 0.0388889
0 0.856771 0.311111 0.034375 0.0555556
0 0.824479 0.282407 0.0302083 0.05
0 0.575 0.180556 0.025 0.0314815
0 0.615625 0.189815 0.0229167 0.0351852
0 0.986458 0.409259 0.0270833 0.062963
0 0.675 0.19537 0.025 0.0277778
0 0.885417 0.335185 0.04375 0.0555556
0 0.965625 0.383333 0.0666667 0.0703704
0 0.667708 0.24537 0.0270833 0.0388889
0 0.920833 0.356481 0.05625 0.0648148
0 0.516146 0.301852 0.0364583 0.0592593
0 0.588542 0.268519 0.025 0.0407407
0 0.230729 0.340741 0.0572917 0.062963
0 0.634375 0.290741 0.0375 0.0555556
