0 0.710938 0.144444 0.0302083 0.037037
0 0.449479 0.102778 0.0177083 0.0240741
0 0.75 0.189815 0.0354167 0.0462963
0 0.625521 0.126852 0.0239583 0.0425926
0 0.530208 0.168519 0.0291667 0.0444444
0 0.639063 0.169444 0.0302083 0.0388889
0 0.494271 0.152778 0.0302083 0.0425926
0 0.542188 0.109259 0.021875 0.0407407
0 0.633854 0.211111 0.0322917 0.0481481
0 0.4375 0.159259 0.0270833 0.0407407
0 0.46875 0.193519 0.0333333 0.0537037
0 0.807292 0.412037 0.075 0.124074
0 0.695312 0.189815 0.0322917 0.05
0 0.651042 0.264815 0.0416667 0.062963
0 0.728646 0.251852 0.0427083 0.062963
0 0.326042 0.323148 0.0583333 0.0759259
0 0.96875 0.35 0.0625 0.0814815
0 0.679167 0.35 0.0583333 0.0851852
0 0.416146 0.3 0.0510417 0.0740741
0 0.241667 0.317593 0.0583333 0.0796296
0 0.913021 0.39537 0.0864583 0.105556
0 0.734375 0.602778 0.110417 0.201852
0 0.0661458 0.502778 0.0989583 0.135185
0 0.454688 0.442593 0.071875 0.118519
0 0.916146 0.610185 0.123958 0.164815
0 0.318229 0.503704 0.0864583 0.125926
