0 0.667708 0.062037 0.03125 0.0351852
0 0.875521 0.0175926 0.0177083 0.0314815
0 0.695312 0.0916667 0.0364583 0.0388889
0 0.944271 0.0407407 0.0239583 0.0333333
0 0.989583 0.012037 0.01875 0.0240741
0 0.90625 0.0324074 0.0229167 0.0277778
0 0.864062 0.0462963 0.021875 0.0333333
0 0.978125 0.0481481 0.025 0.0407407
0 0.819792 0.115741 0.0354167 0.0462963
0 0.586458 0.156481 0.06875 0.0944444
0 0.622917 0.176852 0.0625 0.0833333
0 0.983854 0.17963 0.0322917 0.0666667
0 0.38125 0.403704 0.11875 0.125926
0 0.235938 0.337963 0.113542 0.135185
0 0.0765625 0.572222 0.153125 0.2
