0 0.39375 0.165741 0.04375 0.0425926
0 0.538542 0.102778 0.0166667 0.0277778
0 0.556771 0.122222 0.021875 0.0333333
0 0.382812 0.251852 0.028125 0.0592593
0 0.777083 0.217593 0.04375 0.0648148
0 0.485417 0.251852 0.0895833 0.0962963
0 0.615625 0.15463 0.0291667 0.0425926
0 0.578646 0.174074 0.0260417 0.0592593
0 0.235417 0.340741 0.05 0.0925926
0 0.847396 0.230556 0.040625 0.0648148
0 0.953646 0.486111 0.0927083 0.131481
0 0.589583 0.225926 0.0395833 0.0592593
0 0.211458 0.37037 0.0708333 0.0925926
0 0.953646 0.391667 0.0927083 0.0944444
0 0.0703125 0.533333 0.090625 0.12963
0 0.170833 0.416667 0.08125 0.111111
0 0.0328125 0.60463 0.065625 0.175926
0 0.120312 0.469444 0.0927083 0.124074
0 0.780729 0.583333 0.117708 0.185185
0 0.620313 0.438889 0.0802083 0.125926
