0 0.0567708 0.284259 0.0614583 0.0648148
0 0.278125 0.181481 0.025 0.0444444
0 0.589583 0.0555556 0.0145833 0.0259259
0 0.633333 0.0972222 0.025 0.0425926
0 0.509375 0.05 0.0166667 0.0259259
0 0.969792 0.225926 0.0604167 0.0703704
0 0.986458 0.14537 0.0270833 0.0574074
0 0.990104 0.250926 0.0197917 0.05
0 0.938542 0.201852 0.0625 0.062963
0 0.628125 0.136111 0.0291667 0.0462963
0 0.950521 0.157407 0.0760417 0.062963
0 0.58125 0.107407 0.0229167 0.037037
0 0.290625 0.172222 0.0291667 0.0444444
0 0.15625 0.223148 0.0520833 0.0574074
0 0.241146 0.209259 0.0447917 0.0518519
0 0.854167 0.15463 0.0604167 0.0574074
0 0.203125 0.226852 0.05625 0.0537037
0 0.0630208 0.361111 0.034375 0.0740741
0 0.613021 0.0851852 0.021875 0.0333333
0 0.2625 0.192593 0.0354167 0.0481481
0 0.443229 0.150926 0.0302083 0.05
0 0.0895833 0.325926 0.0729167 0.0851852
0 0.175 0.268519 0.0791667 0.062963
0 0.124479 0.296296 0.053125 0.0703704
0 0.694271 0.162037 0.0510417 0.05
0 0.752083 0.278704 0.0625 0.0833333
