0 0.705208 0.0611111 0.0208333 0.0296296
0 0.475521 0.0814815 0.034375 0.0407407
0 0.814062 0.106481 0.0427083 0.0462963
0 0.384375 0.183333 0.0645833 0.0851852
0 0.685938 0.10463 0.0302083 0.0314815
0 0.324479 0.0916667 0.0489583 0.0611111
0 0.58125 0.0601852 0.0208333 0.0351852
0 0.416667 0.142593 0.0375 0.0555556
0 0.459375 0.0666667 0.03125 0.037037
0 0.464583 0.134259 0.0354167 0.0537037
0 0.607292 0.105556 0.0333333 0.0481481
0 0.402083 0.547222 0.104167 0.227778
0 0.383854 0.337037 0.0739583 0.12963
