0 0.659896 0.012037 0.015625 0.0240741
0 0.747396 0.075 0.0364583 0.0425926
0 0.378125 0.106481 0.05 0.05
0 0.389062 0.0962963 0.034375 0.0481481
0 0.364583 0.125 0.0395833 0.0611111
0 0.354688 0.137037 0.0427083 0.062963
0 0.575521 0.037037 0.0260417 0.0481481
0 0.34375 0.15 0.0333333 0.0555556
0 0.236458 0.175926 0.0416667 0.0666667
0 0.677604 0.0351852 0.0260417 0.037037
0 0.727083 0.0175926 0.0229167 0.0314815
0 0.296354 0.181481 0.059375 0.062963
0 0.239063 0.253704 0.0489583 0.0814815
0 0.74375 0.0962963 0.0375 0.0518519
0 0.611458 0.0462963 0.0229167 0.037037
0 0.709896 0.0518519 0.028125 0.037037
0 0.33125 0.163889 0.0375 0.0574074
0 0.571354 0.0759259 0.0260417 0.0444444
0 0.175 0.325926 0.0833333 0.0962963
0 0.215625 0.287037 0.0645833 0.0962963
0 0.883333 0.22963 0.0729167 0.107407
0 0.123958 0.387037 0.0916667 0.12963
0 0.910417 0.136111 0.0895833 0.0611111
0 0.0739583 0.449074 0.0916667 0.135185
0 0.0354167 0.516667 0.0708333 0.174074
