0 0.731771 0.155556 0.0302083 0.0407407
0 0.0447917 0.0796296 0.0854167 0.0814815
0 0.0114583 0.108333 0.0229167 0.0314815
0 0.969271 0.100926 0.015625 0.0277778
0 0.836458 0.167593 0.0229167 0.0388889
0 0.641667 0.217593 0.04375 0.0574074
0 0.0671875 0.102778 0.111458 0.0462963
0 0.889583 0.143519 0.0208333 0.0277778
0 0.588542 0.225 0.0458333 0.0462963
0 0.864583 0.192593 0.0270833 0.0481481
0 0.970833 0.20463 0.03125 0.0462963
0 0.772917 0.264815 0.04375 0.0592593
0 0.616146 0.269444 0.0614583 0.0759259
0 0.716146 0.505556 0.0927083 0.12963
0 0.381771 0.389815 0.096875 0.0944444
0 0.15625 0.434259 0.120833 0.124074
