0 0.6375 0.0444444 0.0270833 0.0407407
0 0.728125 0.0768519 0.0375 0.0537037
0 0.386979 0.113889 0.0322917 0.05
0 0.247917 0.248148 0.04375 0.0814815
0 0.177604 0.3 0.0385417 0.1
0 0.259375 0.225 0.0520833 0.0759259
0 0.776042 0.0657407 0.04375 0.0722222
0 0.785937 0.122222 0.046875 0.0666667
0 0.334375 0.150926 0.0583333 0.0611111
0 0.445312 0.181481 0.0697917 0.0703704
0 0.579167 0.144444 0.0541667 0.111111
0 0.0328125 0.444444 0.065625 0.107407
0 0.471875 0.210185 0.05625 0.087037
0 0.1375 0.34537 0.0833333 0.112963
0 0.0796875 0.386111 0.0802083 0.0944444
0 0.7625 0.17963 0.0583333 0.0814815
0 0.489062 0.408333 0.0989583 0.190741
0 0.554167 0.247222 0.0625 0.101852
0 0.64375 0.290741 0.0666667 0.114815
0 0.883854 0.185185 0.0697917 0.0851852
0 0.967188 0.353704 0.0635417 0.137037
0 0.624479 0.468519 0.105208 0.185185
