0 0.390625 0.103704 0.0354167 0.0481481
0 0.923437 0.0157407 0.028125 0.0314815
0 0.779688 0.0175926 0.028125 0.0351852
0 0.179688 0.289815 0.040625 0.0944444
0 0.728125 0.012963 0.025 0.0259259
0 0.807813 0.0287037 0.0322917 0.0537037
0 0.979688 0.0296296 0.0385417 0.0518519
0 0.339063 0.14537 0.059375 0.0611111
0 0.267188 0.210185 0.0552083 0.0685185
0 0.700521 0.0185185 0.028125 0.037037
0 0.0328125 0.438889 0.065625 0.111111
0 0.764063 0.0546296 0.034375 0.05
0 0.455729 0.171296 0.078125 0.0722222
0 0.0833333 0.378704 0.0791667 0.0944444
0 0.476562 0.2 0.0572917 0.0814815
0 0.653646 0.105556 0.040625 0.0592593
0 0.588542 0.136111 0.04375 0.0796296
0 0.140104 0.335185 0.084375 0.107407
0 0.646354 0.180556 0.0489583 0.087037
0 0.527083 0.37963 0.0895833 0.144444
