0 0.475 0.0759259 0.0208333 0.0518519
0 0.615625 0.0796296 0.0208333 0.0333333
0 0.704687 0.102778 0.0239583 0.0388889
0 0.3125 0.216667 0.04375 0.0814815
0 0.632812 0.114815 0.028125 0.0407407
0 0.649479 0.0851852 0.021875 0.0259259
0 0.532812 0.106481 0.0260417 0.0537037
0 0.500521 0.087963 0.0197917 0.0388889
0 0.754687 0.109259 0.028125 0.0407407
0 0.472396 0.138889 0.0239583 0.0407407
0 0.797396 0.158333 0.0364583 0.0462963
0 0.6375 0.151852 0.0291667 0.0481481
0 0.672917 0.118519 0.0270833 0.0407407
0 0.7125 0.188889 0.0416667 0.0666667
0 0.793229 0.212037 0.0489583 0.0685185
0 0.859375 0.214815 0.05 0.062963
0 0.319271 0.262037 0.0427083 0.087037
0 0.292708 0.493519 0.0979167 0.17963
0 0.426562 0.231481 0.046875 0.0777778
0 0.677083 0.224074 0.0416667 0.0666667
0 0.758854 0.332407 0.059375 0.087037
0 0.495313 0.248148 0.0447917 0.0703704
0 0.261458 0.32037 0.0625 0.0888889
