0 0.353646 0.149074 0.0427083 0.0611111
0 0.571875 0.0268519 0.0208333 0.0462963
0 0.605729 0.0351852 0.021875 0.0296296
0 0.733333 0.0555556 0.025 0.0481481
0 0.239583 0.262037 0.0520833 0.0833333
0 0.898958 0.193519 0.06875 0.087037
0 0.583854 0.106481 0.0322917 0.0537037
0 0.682292 0.275 0.0708333 0.146296
0 0.663542 0.203704 0.0479167 0.0851852
0 0.219271 0.298148 0.0677083 0.0962963
0 0.0755208 0.462963 0.0885417 0.133333
0 0.175 0.344444 0.0833333 0.111111
0 0.125521 0.398148 0.090625 0.122222
0 0.0359375 0.532407 0.071875 0.175926
0 0.558854 0.20463 0.053125 0.0944444
0 0.570312 0.421296 0.0864583 0.15
0 0.433333 0.219444 0.11875 0.0907407
