0 0.609896 0.0657407 0.0197917 0.0277778
0 0.65 0.0925926 0.0229167 0.0296296
0 0.757812 0.113889 0.0260417 0.0462963
0 0.463021 0.103704 0.021875 0.0296296
0 0.540104 0.0935185 0.0260417 0.0351852
0 0.821354 0.178704 0.040625 0.0537037
0 0.505208 0.0953704 0.0208333 0.0388889
0 0.615625 0.103704 0.025 0.0407407
0 0.765625 0.187037 0.0395833 0.062963
0 0.421875 0.105556 0.0229167 0.0333333
0 0.674479 0.135185 0.0260417 0.0407407
0 0.733333 0.14537 0.0291667 0.0388889
0 0.6875 0.372222 0.0708333 0.133333
0 0.709375 0.207407 0.05 0.0888889
0 0.642708 0.22037 0.0395833 0.062963
0 0.932292 0.376852 0.0791667 0.101852
0 0.922396 0.277778 0.0614583 0.0740741
0 0.845312 0.275 0.0635417 0.0833333
0 0.24375 0.412037 0.0854167 0.131481
0 0.289062 0.30463 0.065625 0.109259
