0 0.0328125 0.0851852 0.0260417 0.037037
0 0.0677083 0.0768519 0.025 0.0314815
0 0.015625 0.0601852 0.01875 0.0314815
0 0.0546875 0.126852 0.0364583 0.0648148
0 0.194792 0.142593 0.0375 0.0555556
0 0.366146 0.0805556 0.0364583 0.0425926
0 0.418229 0.166667 0.0510417 0.0444444
0 0.159375 0.169444 0.05 0.087037
0 0.355208 0.576852 0.129167 0.264815
0 0.984896 0.302778 0.0302083 0.0611111
0 0.0270833 0.234259 0.0458333 0.0759259
0 0.127083 0.255556 0.0520833 0.0888889
0 0.95625 0.830556 0.0875 0.209259
0 0.71875 0.314815 0.116667 0.0925926
0 0.557813 0.165741 0.0614583 0.0611111
0 0.736458 0.828704 0.225 0.283333
