0 0.932292 0.128704 0.129167 0.0722222
0 0.571875 0.0759259 0.0354167 0.107407
0 0.227604 0.0935185 0.0322917 0.0574074
0 0.596354 0.0268519 0.0260417 0.0425926
0 0.0536458 0.153704 0.0447917 0.0666667
0 0.56875 0.0444444 0.03125 0.0481481
0 0.428646 0.0888889 0.034375 0.0592593
0 0.494792 0.0435185 0.025 0.0462963
0 0.421354 0.117593 0.0427083 0.0611111
0 0.983333 0.194444 0.0333333 0.103704
0 0.477083 0.0166667 0.0208333 0.0333333
0 0.894271 0.122222 0.0510417 0.0740741
0 0.611979 0.075 0.0322917 0.0537037
0 0.282813 0.187037 0.0802083 0.1
0 0.574479 0.114815 0.0385417 0.062963
0 0.9625 0.138889 0.0708333 0.0666667
0 0.0213542 0.247222 0.0427083 0.0981481
0 0.710938 0.393519 0.103125 0.15
0 0.68125 0.190741 0.05625 0.0851852
0 0.594271 0.227778 0.059375 0.0925926
