0 0.227604 0.162037 0.0364583 0.0388889
0 0.144792 0.172222 0.0333333 0.037037
0 0.405208 0.0851852 0.0291667 0.0333333
0 0.278125 0.134259 0.0354167 0.0388889
0 0.107813 0.212963 0.0447917 0.0407407
0 0.808333 0.183333 0.08125 0.0777778
0 0.04375 0.235185 0.0854167 0.0592593
0 0.207813 0.162037 0.046875 0.0462963
0 0.594271 0.350926 0.140625 0.127778
0 0.705729 0.113889 0.053125 0.05
0 0.3 0.394444 0.0833333 0.0777778
0 0.655729 0.118519 0.0510417 0.0518519
0 0.414062 0.248148 0.0635417 0.0777778
0 0.0661458 0.558333 0.115625 0.105556
0 0.616667 0.623148 0.15625 0.238889
