0 0.161979 0.180556 0.115625 0.0685185
0 0.645312 0.0777778 0.0489583 0.0444444
0 0.914062 0.119444 0.0572917 0.05
0 0.866146 0.125926 0.0552083 0.0481481
0 0.978646 0.112963 0.0427083 0.0518519
0 0.453125 0.0888889 0.0541667 0.0592593
0 0.0770833 0.631481 0.152083 0.181481
0 0.567708 0.156481 0.0854167 0.0833333
0 0.183333 0.22963 0.135417 0.107407
0 0.0484375 0.257407 0.0947917 0.0962963
0 0.921875 0.259259 0.120833 0.107407
0 0.571875 0.387963 0.20625 0.190741
0 0.640104 0.682407 0.276042 0.294444
