0 0.33125 0.144444 0.0354167 0.0518519
0 0.655729 0.0509259 0.0177083 0.0314815
0 0.629687 0.125 0.028125 0.05
0 0.541146 0.121296 0.0260417 0.0388889
0 0.31875 0.225926 0.0520833 0.0703704
0 0.967708 0.132407 0.04375 0.0462963
0 0.0447917 0.336111 0.0895833 0.0981481
0 0.933333 0.178704 0.0520833 0.05
0 0.682292 0.109259 0.03125 0.0555556
0 0.742708 0.142593 0.0354167 0.0481481
0 0.88125 0.267593 0.08125 0.112963
0 0.982813 0.177778 0.0322917 0.0518519
0 0.796875 0.158333 0.0375 0.0537037
0 0.288021 0.256481 0.0572917 0.0759259
0 0.592188 0.142593 0.0302083 0.0518519
0 0.252604 0.292593 0.0614583 0.0888889
0 0.771354 0.243519 0.0552083 0.0759259
0 0.592188 0.20463 0.0427083 0.0685185
0 0.660937 0.274074 0.053125 0.0851852
0 0.218229 0.337037 0.065625 0.1
0 0.0458333 0.552778 0.0916667 0.17963
0 0.167187 0.383333 0.096875 0.125926
0 0.713542 0.333333 0.0708333 0.111111
0 0.519271 0.551852 0.0989583 0.211111
0 0.635938 0.397222 0.0760417 0.127778
