0 0.719792 0.161111 0.0291667 0.0407407
0 0.4875 0.0898148 0.01875 0.0388889
0 0.60625 0.102778 0.0229167 0.0425926
0 0.5375 0.087963 0.01875 0.0277778
0 0.657812 0.136111 0.028125 0.0462963
0 0.619792 0.147222 0.0291667 0.0388889
0 0.432292 0.147222 0.0270833 0.0351852
0 0.974479 0.372222 0.0510417 0.114815
0 0.782292 0.232407 0.0458333 0.0574074
0 0.688542 0.190741 0.0354167 0.0555556
0 0.519792 0.186111 0.03125 0.0462963
0 0.64375 0.22963 0.0416667 0.0740741
0 0.469792 0.188889 0.03125 0.0481481
0 0.307813 0.239815 0.0447917 0.0574074
0 0.317187 0.446296 0.090625 0.188889
0 0.183333 0.483333 0.102083 0.166667
0 0.310937 0.32963 0.0614583 0.0888889
0 0.720833 0.592593 0.0916667 0.159259
0 0.969271 0.540741 0.0614583 0.133333
0 0.9375 0.698148 0.125 0.166667
0 0.0963542 0.462963 0.0989583 0.125926
0 0.324479 0.874074 0.153125 0.244444
