0 0.36875 0.115741 0.0458333 0.0611111
0 0.273958 0.176852 0.0479167 0.0388889
0 0.252604 0.22963 0.0552083 0.0851852
0 0.815104 0.0601852 0.0385417 0.05
0 0.776042 0.136111 0.0479167 0.0685185
0 0.653125 0.0953704 0.0354167 0.0537037
0 0.596875 0.062963 0.0291667 0.0555556
0 0.232292 0.261111 0.0645833 0.0814815
0 0.951042 0.162037 0.0625 0.0796296
0 0.938021 0.215741 0.0697917 0.0907407
0 0.185417 0.312963 0.0729167 0.111111
0 0.614062 0.162037 0.046875 0.0759259
0 0.0916667 0.427778 0.0895833 0.133333
0 0.140625 0.366667 0.0895833 0.122222
0 0.613021 0.278704 0.0614583 0.142593
0 0.8625 0.162963 0.0604167 0.0777778
0 0.0161458 0.730556 0.0322917 0.161111
0 0.0432292 0.5 0.0864583 0.17037
0 0.881771 0.286111 0.0822917 0.109259
0 0.710938 0.264815 0.0739583 0.107407
0 0.639583 0.440741 0.108333 0.166667
0 0.523438 0.25463 0.0635417 0.0981481
