0 0.976042 0.173148 0.01875 0.0277778
0 0.853125 0.171296 0.0479167 0.0351852
0 0.665104 0.243519 0.040625 0.0388889
0 0.6375 0.25463 0.0375 0.0425926
0 0.601562 0.268519 0.0427083 0.0444444
0 0.565625 0.282407 0.0479167 0.0462963
0 0.947396 0.228704 0.028125 0.0388889
0 0.820312 0.221296 0.0260417 0.0314815
0 0.404687 0.339815 0.071875 0.0685185
0 0.523438 0.3 0.0510417 0.0481481
0 0.971354 0.259259 0.0302083 0.0444444
0 0.165104 0.390741 0.0614583 0.062963
0 0.845312 0.375926 0.0572917 0.0703704
0 0.0697917 0.574074 0.1375 0.133333
0 0.256771 0.408333 0.0947917 0.0796296
0 0.617188 0.667593 0.140625 0.168519
