0 0.703646 0.136111 0.0197917 0.0351852
0 0.470313 0.124074 0.0177083 0.037037
0 0.623958 0.149074 0.025 0.0388889
0 0.659375 0.284259 0.0583333 0.124074
0 0.478646 0.175 0.0322917 0.0425926
0 0.533333 0.141667 0.0270833 0.0462963
0 0.778125 0.223148 0.04375 0.0537037
0 0.398438 0.165741 0.0260417 0.0388889
0 0.722917 0.165741 0.025 0.05
0 0.515625 0.211111 0.0354167 0.0518519
0 0.409896 0.200926 0.0322917 0.0388889
0 0.679167 0.174074 0.03125 0.0481481
0 0.0135417 0.614815 0.0270833 0.159259
0 0.632812 0.182407 0.0302083 0.0425926
0 0.349479 0.291667 0.0552083 0.0722222
0 0.704687 0.225 0.040625 0.0537037
0 0.455208 0.222222 0.0395833 0.0740741
0 0.822917 0.482407 0.0916667 0.127778
0 0.360417 0.741667 0.1125 0.268519
0 0.73125 0.278704 0.0479167 0.0759259
0 0.270312 0.391667 0.0677083 0.0944444
0 0.970312 0.52963 0.059375 0.122222
0 0.457812 0.414815 0.065625 0.103704
0 0.345313 0.436111 0.071875 0.109259
