0 0.283854 0.182407 0.0447917 0.0685185
0 0.385417 0.140741 0.0375 0.0481481
0 0.239583 0.281481 0.05625 0.0851852
0 0.170312 0.322222 0.0385417 0.0814815
0 0.982813 0.0814815 0.034375 0.0444444
0 0.578125 0.0296296 0.01875 0.0333333
0 0.364062 0.164815 0.0427083 0.0555556
0 0.330729 0.181481 0.053125 0.062963
0 0.606771 0.0666667 0.028125 0.0444444
0 0.969792 0.0694444 0.0354167 0.0462963
0 0.589583 0.109259 0.0354167 0.0777778
0 0.264062 0.248148 0.0489583 0.0703704
0 0.413542 0.157407 0.0291667 0.0481481
0 0.642708 0.10463 0.0354167 0.0611111
0 0.591667 0.141667 0.0354167 0.0685185
0 0.0307292 0.475926 0.0614583 0.111111
0 0.0776042 0.415741 0.0802083 0.0944444
0 0.129167 0.373148 0.0770833 0.105556
0 0.555729 0.194444 0.0510417 0.0740741
0 0.967188 0.477778 0.065625 0.174074
0 0.536458 0.284259 0.0666667 0.101852
0 0.471354 0.473148 0.096875 0.161111
0 0.641667 0.460185 0.0916667 0.172222
0 0.258854 0.871296 0.201042 0.246296
