0 0.698438 0.0990741 0.021875 0.0314815
0 0.386458 0.187963 0.0416667 0.0648148
0 0.616667 0.0925926 0.0208333 0.0296296
0 0.673958 0.139815 0.0291667 0.0425926
0 0.735417 0.128704 0.0291667 0.0425926
0 0.833854 0.190741 0.0385417 0.062963
0 0.926562 0.657407 0.146875 0.277778
0 0.633333 0.169444 0.0354167 0.0611111
0 0.978646 0.513889 0.0427083 0.157407
0 0.374479 0.237037 0.0489583 0.0740741
0 0.715625 0.218519 0.0395833 0.0592593
0 0.781771 0.213889 0.0427083 0.0537037
0 0.0109375 0.822222 0.021875 0.137037
0 0.840625 0.299074 0.0625 0.0833333
0 0.967188 0.334259 0.065625 0.087037
0 0.0583333 0.941667 0.110417 0.112963
0 0.427083 0.414815 0.0770833 0.137037
0 0.701563 0.465741 0.071875 0.12037
0 0.267188 0.537037 0.103125 0.185185
0 0.251563 0.422222 0.0760417 0.118519
0 0.0421875 0.525 0.084375 0.153704
0 0.355729 0.665741 0.115625 0.209259
