0 0.690104 0.114815 0.0177083 0.0296296
0 0.630208 0.161111 0.0270833 0.037037
0 0.828125 0.222222 0.0416667 0.0555556
0 0.727604 0.177778 0.034375 0.062963
0 0.54375 0.131481 0.0229167 0.0333333
0 0.475521 0.169444 0.034375 0.0722222
0 0.480208 0.110185 0.0166667 0.0277778
0 0.446875 0.159259 0.0270833 0.037037
0 0.705208 0.225 0.0375 0.0537037
0 0.6375 0.193519 0.0333333 0.0462963
0 0.673437 0.160185 0.028125 0.0388889
0 0.802083 0.257407 0.0458333 0.0592593
0 0.516667 0.212037 0.0354167 0.0537037
0 0.744271 0.287037 0.053125 0.0962963
0 0.338542 0.29537 0.0479167 0.0944444
0 0.651563 0.260185 0.046875 0.0722222
0 0.983854 0.828704 0.0322917 0.135185
0 0.896354 0.380556 0.0739583 0.0907407
0 0.683854 0.401852 0.0614583 0.0888889
0 0.735937 0.634259 0.103125 0.175926
