0 0.175 0.139815 0.0333333 0.0462963
0 0.881771 0.225 0.084375 0.0574074
0 0.500521 0.0694444 0.059375 0.0425926
0 0.733854 0.125926 0.0385417 0.0555556
0 0.813021 0.127778 0.053125 0.0666667
0 0.857813 0.128704 0.0552083 0.0574074
0 0.583854 0.162963 0.0510417 0.0555556
0 0.247396 0.173148 0.0427083 0.05
0 0.970833 0.130556 0.05 0.0759259
0 0.10625 0.198148 0.0416667 0.0592593
0 0.0229167 0.159259 0.0291667 0.0481481
0 0.741667 0.19537 0.0854167 0.0722222
0 0.303125 0.246296 0.0770833 0.0814815
0 0.388021 0.231481 0.0822917 0.0740741
0 0.29375 0.401852 0.108333 0.133333
0 0.563542 0.836111 0.291667 0.32037
