0 0.114063 0.12963 0.040625 0.0666667
0 0.0401042 0.0925926 0.0260417 0.0444444
0 0.0104167 0.118519 0.0208333 0.0407407
0 0.599479 0.168519 0.0697917 0.0555556
0 0.452083 0.122222 0.0520833 0.0555556
0 0.494792 0.202778 0.0625 0.0537037
0 0.564583 0.134259 0.05625 0.0537037
0 0.159375 0.164815 0.05 0.0666667
0 0.601042 0.218519 0.0791667 0.0740741
0 0.6875 0.176852 0.0729167 0.0722222
0 0.114063 0.211111 0.046875 0.0740741
0 0.708854 0.316667 0.101042 0.0666667
0 0.429688 0.313889 0.0802083 0.135185
0 0.775521 0.247222 0.096875 0.0796296
0 0.0453125 0.275926 0.0572917 0.0851852
0 0.386979 0.434259 0.103125 0.138889
0 0.298438 0.617593 0.126042 0.190741
0 0.60625 0.692593 0.185417 0.237037
