0 0.322396 0.113889 0.040625 0.0537037
0 0.591146 0.0240741 0.0197917 0.0407407
0 0.559375 0.0592593 0.0229167 0.0407407
0 0.956771 0.0907407 0.0427083 0.0481481
0 0.701563 0.0768519 0.028125 0.0388889
0 0.977083 0.139815 0.0458333 0.0574074
0 0.306771 0.190741 0.0489583 0.0666667
0 0.520833 0.087963 0.0291667 0.0462963
0 0.682292 0.10463 0.0354167 0.0462963
0 0.574479 0.108333 0.0302083 0.0537037
0 0.276042 0.225 0.05625 0.0759259
0 0.8 0.181481 0.0541667 0.0703704
0 0.890104 0.196296 0.0697917 0.0777778
0 0.206771 0.30463 0.065625 0.0944444
0 0.241146 0.262037 0.065625 0.087037
0 0.600521 0.215741 0.0552083 0.0981481
0 0.0411458 0.525 0.0822917 0.183333
0 0.598958 0.368519 0.08125 0.162963
0 0.156771 0.356481 0.0947917 0.127778
0 0.860937 0.710185 0.186458 0.357407
0 0.689583 0.265741 0.0583333 0.0981481
0 0.954687 0.340741 0.090625 0.111111
