0 0.952083 0.375 0.0916667 0.0685185
0 0.864062 0.323148 0.0385417 0.0574074
0 0.895833 0.343519 0.0375 0.05
0 0.575521 0.181481 0.0197917 0.0333333
0 0.333854 0.280556 0.028125 0.0351852
0 0.0354167 0.452778 0.0708333 0.0944444
0 0.969271 0.394444 0.0614583 0.0740741
0 0.654167 0.233333 0.0270833 0.0333333
0 0.543229 0.234259 0.0239583 0.0277778
0 0.510417 0.236111 0.0229167 0.0388889
0 0.232812 0.351852 0.0489583 0.062963
0 0.927083 0.363889 0.0583333 0.0611111
0 0.508854 0.383333 0.0489583 0.0740741
0 0.470833 0.54537 0.075 0.138889
0 0.376563 0.488889 0.0697917 0.111111
