0 0.328646 0.110185 0.040625 0.0425926
0 0.30625 0.0490741 0.0354167 0.0537037
0 0.00885417 0.0685185 0.0177083 0.0407407
0 0.160417 0.105556 0.0395833 0.0518519
0 0.383854 0.0787037 0.046875 0.0537037
0 0.102604 0.117593 0.0385417 0.0537037
0 0.666667 0.152778 0.0770833 0.0574074
0 0.368229 0.106481 0.046875 0.0537037
0 0.0442708 0.125926 0.0385417 0.0555556
0 0.4875 0.156481 0.0645833 0.0722222
0 0.676042 0.197222 0.0895833 0.0759259
0 0.584375 0.162037 0.0666667 0.0648148
0 0.8375 0.372222 0.129167 0.0962963
0 0.453646 0.353704 0.105208 0.122222
0 0.156771 0.475926 0.0927083 0.155556
0 0.938021 0.359259 0.123958 0.125926
0 0.365104 0.52037 0.126042 0.174074
