0 0.540104 0.137037 0.0197917 0.0333333
0 0.714063 0.171296 0.0302083 0.05
0 0.645312 0.150926 0.028125 0.0425926
0 0.614583 0.137037 0.0229167 0.037037
0 0.635417 0.203704 0.0333333 0.0518519
0 0.451562 0.160185 0.021875 0.0351852
0 0.432813 0.193519 0.028125 0.0388889
0 0.770312 0.231481 0.040625 0.0518519
0 0.64375 0.231481 0.0375 0.0518519
0 0.398438 0.230556 0.0322917 0.0648148
0 0.670833 0.175926 0.0291667 0.0407407
0 0.697396 0.223148 0.0364583 0.0537037
0 0.95 0.487963 0.0979167 0.112963
0 0.795313 0.27963 0.0489583 0.0666667
0 0.454688 0.234259 0.034375 0.0537037
0 0.0322917 0.573148 0.0645833 0.161111
0 0.482812 0.288889 0.046875 0.0888889
0 0.977083 0.912963 0.0458333 0.155556
0 0.651042 0.309259 0.0479167 0.0703704
0 0.0234375 0.760185 0.046875 0.190741
0 0.425 0.55463 0.08125 0.142593
0 0.244792 0.553704 0.0958333 0.137037
