0 0.463542 0.123148 0.0229167 0.0351852
0 0.441667 0.109259 0.01875 0.0259259
0 0.990104 0.917593 0.0197917 0.15
0 0.672396 0.0944444 0.0177083 0.0259259
0 0.546354 0.0722222 0.0177083 0.0333333
0 0.789062 0.175 0.0427083 0.0574074
0 0.607292 0.0916667 0.0166667 0.0388889
0 0.645312 0.109259 0.0197917 0.037037
0 0.529688 0.137037 0.0239583 0.0407407
0 0.481771 0.15463 0.0260417 0.0425926
0 0.674479 0.165741 0.028125 0.0462963
0 0.732292 0.185185 0.0333333 0.0518519
0 0.623958 0.171296 0.025 0.0425926
0 0.650521 0.263889 0.0427083 0.0685185
0 0.506771 0.248148 0.046875 0.0740741
0 0.398958 0.337037 0.05625 0.0814815
0 0.715104 0.240741 0.0427083 0.0592593
0 0.156771 0.528704 0.101042 0.142593
0 0.136458 0.826852 0.179167 0.327778
