0 0.391667 0.0990741 0.05 0.0425926
0 0.404687 0.0916667 0.040625 0.0351852
0 0.778646 0.0583333 0.0510417 0.0722222
0 0.0213542 0.239815 0.0427083 0.0425926
0 0.194792 0.166667 0.0375 0.0555556
0 0.845312 0.155556 0.0697917 0.0666667
0 0.0322917 0.215741 0.0625 0.0537037
0 0.910417 0.182407 0.0833333 0.116667
0 0.98125 0.115741 0.0375 0.0648148
0 0.584375 0.199074 0.0520833 0.0611111
0 0.0411458 0.550926 0.0822917 0.0981481
0 0.53125 0.523148 0.154167 0.153704
0 0.685417 0.737037 0.191667 0.22963
0 0.385417 0.834259 0.2625 0.261111
