0 0.766146 0.148148 0.0302083 0.0407407
0 0.611458 0.125 0.0270833 0.0388889
0 0.441667 0.150926 0.0229167 0.0462963
0 0.0307292 0.0398148 0.059375 0.0314815
0 0.754687 0.212963 0.040625 0.0555556
0 0.526042 0.137037 0.025 0.037037
0 0.695833 0.148148 0.0291667 0.0518519
0 0.632812 0.176852 0.0322917 0.0425926
0 0.878125 0.272222 0.0541667 0.0666667
0 0.683333 0.189815 0.0354167 0.0537037
0 0.463542 0.203704 0.0354167 0.0518519
0 0.369792 0.183333 0.03125 0.0407407
0 0.423438 0.268519 0.0447917 0.0703704
0 0.491667 0.262963 0.04375 0.0814815
0 0.679167 0.369444 0.0583333 0.087037
0 0.778646 0.387037 0.0697917 0.1
0 0.741146 0.623148 0.096875 0.153704
0 0.422396 0.518519 0.0822917 0.133333
0 0.255208 0.409259 0.0708333 0.1
0 0.890104 0.635185 0.121875 0.159259
0 0.147396 0.812963 0.167708 0.285185
