0 0.278125 0.0638889 0.0458333 0.0462963
0 0.0182292 0.037963 0.0239583 0.0314815
0 0.0109375 0.0712963 0.021875 0.0351852
0 0.126563 0.087037 0.034375 0.0444444
0 0.0723958 0.087963 0.0322917 0.0462963
0 0.172917 0.121296 0.04375 0.0685185
0 0.467187 0.17037 0.0677083 0.0740741
0 0.0979167 0.119444 0.0375 0.0537037
0 0.0333333 0.140741 0.0416667 0.0555556
0 0.516146 0.137963 0.0635417 0.0611111
0 0.819271 0.364815 0.130208 0.0962963
0 0.371875 0.283333 0.0916667 0.12963
0 0.751562 0.842593 0.273958 0.296296
0 0.695312 0.211111 0.0927083 0.0814815
0 0.935417 0.37963 0.129167 0.12963
