0 0.305208 0.0796296 0.0479167 0.0555556
0 0.306771 0.134259 0.0447917 0.0611111
0 0.680208 0.025 0.0291667 0.0388889
0 0.374479 0.101852 0.0385417 0.0703704
0 0.983854 0.0277778 0.0322917 0.0444444
0 0.94375 0.0324074 0.04375 0.0462963
0 0.692708 0.0833333 0.04375 0.062963
0 0.752604 0.0462963 0.0364583 0.0481481
0 0.230208 0.22037 0.0645833 0.0592593
0 0.534375 0.0583333 0.0270833 0.05
0 0.9875 0.0944444 0.025 0.0481481
0 0.29375 0.158333 0.0479167 0.0685185
0 0.263542 0.187963 0.0583333 0.0685185
0 0.616146 0.0935185 0.034375 0.0648148
0 0.190625 0.277778 0.0583333 0.0962963
0 0.967708 0.0768519 0.05625 0.05
0 0.586979 0.150926 0.0447917 0.0759259
0 0.807292 0.149074 0.0604167 0.0759259
0 0.0359375 0.507407 0.071875 0.181481
0 0.144792 0.327778 0.0979167 0.125926
0 0.613021 0.282407 0.0739583 0.116667
0 0.658333 0.521296 0.114583 0.224074
