0 0.732813 0.141667 0.0322917 0.0462963
0 0.608854 0.0722222 0.021875 0.037037
0 0.439063 0.128704 0.028125 0.0462963
0 0.647396 0.115741 0.034375 0.0611111
0 0.491146 0.119444 0.0239583 0.05
0 0.531771 0.132407 0.028125 0.0462963
0 0.623958 0.147222 0.0291667 0.0462963
0 0.726042 0.509259 0.10625 0.240741
0 0.383854 0.144444 0.0322917 0.0481481
0 0.791667 0.196296 0.0479167 0.0703704
0 0.865104 0.241667 0.053125 0.0648148
0 0.649479 0.217593 0.0385417 0.0685185
0 0.0171875 0.778704 0.034375 0.187037
0 0.124479 0.506481 0.121875 0.198148
0 0.874479 0.512037 0.103125 0.131481
