0 0.7375 0.0277778 0.025 0.0333333
0 0.652604 0.0583333 0.0302083 0.0351852
0 0.955208 0.012963 0.0208333 0.0259259
0 0.716146 0.062963 0.0322917 0.0518519
0 0.848958 0.0657407 0.03125 0.0388889
0 0.986458 0.037037 0.0229167 0.037037
0 0.915625 0.0148148 0.01875 0.0296296
0 0.977083 0.075 0.03125 0.0462963
0 0.995833 0.473148 0.00833333 0.0981481
0 0.867708 0.0259259 0.0208333 0.0333333
0 0.599479 0.100926 0.0427083 0.0425926
0 0.838542 0.171296 0.0541667 0.087037
0 0.507812 0.137963 0.046875 0.0574074
0 0.989583 0.187037 0.0208333 0.0666667
0 0.210938 0.337963 0.105208 0.0981481
0 0.891146 0.289815 0.0635417 0.101852
0 0.442187 0.323148 0.0864583 0.12037
0 0.422917 0.269444 0.0729167 0.087037
0 0.557292 0.147222 0.05625 0.0537037
