0 0.632812 0.0175926 0.0385417 0.0351852
0 0.932813 0.126852 0.130208 0.0722222
0 0.14375 0.153704 0.0458333 0.062963
0 0.226562 0.0898148 0.0322917 0.0611111
0 0.428125 0.0814815 0.0375 0.0518519
0 0.595833 0.0240741 0.0270833 0.0444444
0 0.476562 0.0148148 0.0197917 0.0296296
0 0.569271 0.0416667 0.0302083 0.05
0 0.05625 0.150926 0.0541667 0.0685185
0 0.494271 0.0361111 0.0239583 0.05
0 0.421875 0.114815 0.0416667 0.062963
0 0.89375 0.119444 0.0520833 0.0759259
0 0.575 0.117593 0.0395833 0.0648148
0 0.283333 0.183333 0.0791667 0.103704
0 0.613542 0.0740741 0.0333333 0.0555556
0 0.983333 0.193519 0.0333333 0.112963
0 0.963542 0.134259 0.0708333 0.0685185
0 0.0208333 0.241667 0.0416667 0.0944444
0 0.686458 0.196296 0.05625 0.0814815
0 0.595312 0.237037 0.0614583 0.0962963
0 0.723437 0.413889 0.105208 0.15
