0 0.528646 0.0101852 0.021875 0.0203704
0 0.990625 0.132407 0.01875 0.0388889
0 0.494792 0.180556 0.1 0.0981481
0 0.885417 0.0712963 0.0479167 0.05
0 0.557292 0.025 0.01875 0.0314815
0 0.561458 0.0712963 0.025 0.0351852
0 0.0348958 0.324074 0.0697917 0.122222
0 0.302083 0.187037 0.0479167 0.0666667
0 0.561458 0.113889 0.03125 0.0574074
0 0.595312 0.0490741 0.0239583 0.0388889
0 0.988021 0.0648148 0.0239583 0.0444444
0 0.779688 0.102778 0.040625 0.0537037
0 0.458854 0.134259 0.0864583 0.0685185
0 0.272917 0.223148 0.0625 0.0759259
0 0.950521 0.0685185 0.040625 0.0444444
0 0.235938 0.261111 0.065625 0.0888889
0 0.201562 0.306481 0.065625 0.0981481
0 0.579687 0.146296 0.0385417 0.062963
0 0.0390625 0.52963 0.078125 0.192593
0 0.657292 0.171296 0.0541667 0.0907407
0 0.973958 0.111111 0.05 0.0555556
0 0.153125 0.358333 0.0958333 0.124074
0 0.592708 0.216667 0.0520833 0.0888889
0 0.701563 0.293519 0.071875 0.116667
