0 0.856771 0.116667 0.034375 0.037037
0 0.930208 0.165741 0.135417 0.0685185
0 0.483333 0.012037 0.01875 0.0240741
0 0.468229 0.0648148 0.0260417 0.0444444
0 0.863542 0.137963 0.0291667 0.0574074
0 0.385938 0.136111 0.0364583 0.0574074
0 0.825 0.114815 0.025 0.0407407
0 0.502083 0.062963 0.025 0.0481481
0 0.797396 0.0953704 0.034375 0.05
0 0.295312 0.259259 0.053125 0.0925926
0 0.071875 0.238889 0.0875 0.0814815
0 0.980729 0.234259 0.0385417 0.105556
0 0.904688 0.899074 0.190625 0.194444
0 0.480729 0.227778 0.0510417 0.0851852
0 0.102083 0.288889 0.06875 0.0962963
0 0.889583 0.159259 0.05 0.0777778
0 0.398438 0.250926 0.065625 0.087037
0 0.346875 0.298148 0.0708333 0.0962963
0 0.270833 0.571296 0.141667 0.27963
0 0.960417 0.176852 0.0770833 0.0648148
0 0.284375 0.358333 0.0729167 0.12037
