0 0.0880208 0.0490741 0.0239583 0.0351852
0 0.122917 0.0231481 0.0166667 0.0240741
0 0.342708 0.0731481 0.05625 0.0462963
0 0.0453125 0.0546296 0.0322917 0.0611111
0 0.964063 0.288889 0.0697917 0.0481481
0 0.872396 0.164815 0.040625 0.0444444
0 0.111458 0.113889 0.0291667 0.05
0 0.595312 0.0787037 0.0635417 0.0425926
0 0.307292 0.115741 0.0395833 0.0462963
0 0.241146 0.1 0.0364583 0.0407407
0 0.078125 0.137963 0.0583333 0.105556
0 0.814062 0.152778 0.046875 0.0425926
0 0.3 0.165741 0.05 0.0574074
0 0.509896 0.261111 0.0927083 0.0888889
0 0.79375 0.224074 0.0708333 0.0740741
0 0.311458 0.299074 0.0895833 0.116667
