0 0.21875 0.217593 0.0291667 0.0574074
0 0.529688 0.0574074 0.015625 0.0259259
0 0.842708 0.133333 0.0395833 0.0444444
0 0.3125 0.148148 0.01875 0.0407407
0 0.327604 0.130556 0.0302083 0.0388889
0 0.630208 0.127778 0.0333333 0.062963
0 0.355729 0.108333 0.028125 0.0314815
0 0.594271 0.0462963 0.0177083 0.0296296
0 0.508854 0.0657407 0.0177083 0.0240741
0 0.951563 0.147222 0.078125 0.0611111
0 0.0635417 0.274074 0.05 0.0666667
0 0.855208 0.14537 0.0583333 0.0574074
0 0.940104 0.193519 0.0614583 0.0648148
0 0.198958 0.212963 0.0479167 0.0740741
0 0.63125 0.161111 0.0354167 0.0592593
0 0.294271 0.160185 0.0239583 0.0425926
0 0.0645833 0.352778 0.0333333 0.0759259
0 0.278646 0.171296 0.028125 0.0425926
0 0.2625 0.184259 0.03125 0.05
0 0.971354 0.213889 0.0572917 0.0722222
0 0.239583 0.2 0.0395833 0.0518519
0 0.632812 0.0731481 0.021875 0.0314815
0 0.157813 0.211111 0.0510417 0.0666667
0 0.589063 0.128704 0.0260417 0.0425926
0 0.577604 0.100926 0.021875 0.0314815
0 0.522917 0.087963 0.0208333 0.0314815
0 0.0916667 0.315741 0.06875 0.087037
0 0.127604 0.285185 0.0510417 0.0740741
0 0.696354 0.291667 0.065625 0.0907407
0 0.757292 0.696296 0.145833 0.214815
