0 0.221354 0.271296 0.0802083 0.0907407
0 0.946354 0.0583333 0.0427083 0.05
0 0.676042 0.0768519 0.0375 0.05
0 0.295312 0.182407 0.0489583 0.0685185
0 0.988542 0.12037 0.0229167 0.0407407
0 0.984375 0.0527778 0.03125 0.0388889
0 0.502604 0.17037 0.0364583 0.0703704
0 0.570312 0.0574074 0.028125 0.0444444
0 0.267188 0.217593 0.0552083 0.0796296
0 0.969792 0.101852 0.0520833 0.0518519
0 0.200521 0.302778 0.0677083 0.101852
0 0.75625 0.123148 0.05 0.0611111
0 0.610417 0.128704 0.0479167 0.0722222
0 0.232812 0.25 0.0635417 0.0777778
0 0.522917 0.212037 0.05 0.116667
0 0.689583 0.267593 0.06875 0.12037
0 0.927604 0.258333 0.090625 0.116667
0 0.567187 0.161111 0.0427083 0.0740741
0 0.930208 0.883333 0.1375 0.218519
0 0.0369792 0.530556 0.0739583 0.187037
0 0.589063 0.231481 0.0552083 0.0925926
0 0.148438 0.352778 0.096875 0.131481
