0 0.615625 0.075 0.01875 0.0314815
0 0.541146 0.106481 0.0239583 0.0425926
0 0.640104 0.0694444 0.0197917 0.0277778
0 0.4625 0.106481 0.0291667 0.0537037
0 0.497396 0.114815 0.028125 0.037037
0 0.754167 0.113889 0.0270833 0.0388889
0 0.699479 0.342593 0.0760417 0.137037
0 0.316146 0.213889 0.0447917 0.0574074
0 0.688021 0.146296 0.0302083 0.0481481
0 0.629687 0.121296 0.0239583 0.0462963
0 0.639063 0.175 0.0385417 0.0611111
0 0.513021 0.197222 0.034375 0.0759259
0 0.452083 0.19537 0.0375 0.0574074
0 0.764063 0.175 0.0364583 0.0685185
0 0.350521 0.258333 0.0510417 0.0722222
0 0.822396 0.92037 0.161458 0.155556
0 0.372396 0.631481 0.115625 0.240741
0 0.722396 0.227778 0.046875 0.0592593
0 0.475 0.271296 0.0479167 0.0796296
0 0.267188 0.358333 0.0677083 0.0944444
0 0.113021 0.807407 0.178125 0.288889
