0 0.7 0.0546296 0.03125 0.0425926
0 0.311979 0.0953704 0.0447917 0.0537037
0 0.390104 0.125926 0.0677083 0.0518519
0 0.649479 0.0361111 0.028125 0.0388889
0 0.983854 0.0481481 0.0322917 0.0444444
0 0.034375 0.315741 0.06875 0.12037
0 0.946354 0.0527778 0.0447917 0.0425926
0 0.989062 0.113889 0.021875 0.0425926
0 0.60625 0.062963 0.0291667 0.0481481
0 0.509375 0.17963 0.0458333 0.0555556
0 0.776042 0.0990741 0.04375 0.0611111
0 0.59375 0.105556 0.04375 0.0666667
0 0.295312 0.177778 0.046875 0.0703704
0 0.265104 0.210185 0.0552083 0.0759259
0 0.969792 0.0972222 0.0541667 0.0537037
0 0.58125 0.209259 0.0541667 0.0925926
0 0.544271 0.25 0.084375 0.137037
0 0.195833 0.292593 0.0666667 0.1
0 0.686979 0.256481 0.0760417 0.124074
0 0.146354 0.343519 0.096875 0.124074
0 0.232812 0.247222 0.065625 0.0833333
0 0.0364583 0.522222 0.0729167 0.185185
0 0.922396 0.371296 0.128125 0.161111
0 0.616146 0.37963 0.0802083 0.148148
