0 0.670833 0.0564815 0.025 0.0425926
0 0.688542 0.0777778 0.0270833 0.0555556
0 0.333333 0.20463 0.0479167 0.0574074
0 0.577604 0.0990741 0.0239583 0.0388889
0 0.595312 0.0675926 0.0197917 0.0314815
0 0.096875 0.461111 0.1375 0.125926
0 0.345833 0.194444 0.0416667 0.0555556
0 0.238021 0.222222 0.0489583 0.0703704
0 0.234896 0.3 0.0489583 0.0740741
0 0.215104 0.324074 0.071875 0.0777778
0 0.580208 0.155556 0.0354167 0.0703704
0 0.0703125 0.488889 0.0927083 0.12963
0 0.170833 0.380556 0.0791667 0.109259
0 0.855208 0.183333 0.0520833 0.062963
0 0.922917 0.914815 0.152083 0.159259
0 0.515104 0.253704 0.0489583 0.0888889
0 0.0333333 0.562963 0.0666667 0.174074
0 0.672917 0.251852 0.0520833 0.0814815
0 0.120312 0.433333 0.090625 0.125926
0 0.592188 0.263889 0.053125 0.0944444
0 0.739583 0.477778 0.0958333 0.151852
