0 0.253646 0.233333 0.0364583 0.0814815
0 0.107813 0.350926 0.128125 0.105556
0 0.2875 0.137963 0.0416667 0.0648148
0 0.376563 0.10463 0.053125 0.05
0 0.980729 0.0277778 0.0385417 0.0518519
0 0.217708 0.236111 0.104167 0.0944444
0 0.0328125 0.435185 0.065625 0.111111
0 0.389583 0.0972222 0.0333333 0.05
0 0.178646 0.287037 0.040625 0.0962963
0 0.367188 0.116667 0.0427083 0.0518519
0 0.755208 0.0388889 0.0354167 0.0703704
0 0.269271 0.203704 0.0489583 0.0703704
0 0.138542 0.325926 0.0854167 0.103704
0 0.335938 0.138889 0.0572917 0.0592593
0 0.808854 0.248148 0.0885417 0.151852
0 0.0822917 0.374074 0.0791667 0.0962963
0 0.472917 0.192593 0.0583333 0.0851852
0 0.501042 0.459259 0.1 0.174074
