0 0.739062 0.158333 0.090625 0.0833333
0 0.910937 0.0796296 0.0510417 0.0814815
0 0.7125 0.155556 0.0458333 0.0740741
0 0.832812 0.188889 0.109375 0.0740741
0 0.805729 0.0814815 0.053125 0.0592593
0 0.680208 0.0861111 0.0395833 0.0611111
0 0.450521 0.0342593 0.0635417 0.0425926
0 0.757292 0.0833333 0.0541667 0.0666667
0 0.05 0.0888889 0.0270833 0.0296296
0 0.09375 0.107407 0.03125 0.0407407
0 0.220313 0.163889 0.0552083 0.0611111
0 0.598437 0.398148 0.155208 0.12963
0 0.523958 0.282407 0.129167 0.112963
0 0.334375 0.207407 0.075 0.0740741
