0 0.953646 0.396296 0.0739583 0.062963
0 0.249479 0.361111 0.046875 0.0518519
0 0.986979 0.421296 0.0260417 0.0351852
0 0.654688 0.256481 0.0239583 0.0314815
0 0.553646 0.209259 0.0135417 0.0222222
0 0.481771 0.217593 0.0239583 0.0462963
0 0.977083 0.303704 0.0458333 0.037037
0 0.252604 0.340741 0.0447917 0.0555556
0 0.483854 0.287963 0.0260417 0.0537037
0 0.522917 0.25463 0.0208333 0.0314815
0 0.605208 0.22037 0.0270833 0.0518519
0 0.283333 0.312963 0.0375 0.062963
0 0.688021 0.292593 0.028125 0.0296296
0 0.335938 0.281481 0.040625 0.0518519
0 0.896875 0.393519 0.0479167 0.0611111
0 0.463542 0.324074 0.0333333 0.0555556
0 0.434375 0.301852 0.0333333 0.0444444
0 0.400521 0.477778 0.0677083 0.103704
0 0.0885417 0.865741 0.177083 0.264815
