0 0.3875 0.24537 0.0395833 0.0759259
0 0.576563 0.0722222 0.0177083 0.0333333
0 0.928646 0.212963 0.136458 0.0703704
0 0.826563 0.162963 0.0260417 0.0333333
0 0.485938 0.168519 0.0322917 0.0481481
0 0.445833 0.163889 0.03125 0.0537037
0 0.135937 0.236111 0.0572917 0.0611111
0 0.615104 0.113889 0.0260417 0.0425926
0 0.496354 0.128704 0.0302083 0.05
0 0.425 0.206481 0.0375 0.0648148
0 0.046875 0.235185 0.0395833 0.062963
0 0.486979 0.22037 0.0427083 0.0666667
0 0.371354 0.287963 0.0552083 0.0981481
0 0.979688 0.271296 0.040625 0.0833333
0 0.311458 0.250926 0.0583333 0.0759259
0 0.463021 0.315741 0.0572917 0.101852
0 0.8875 0.205556 0.0479167 0.0740741
0 0.959375 0.223148 0.08125 0.0648148
0 0.45625 0.440741 0.0791667 0.125926
0 0.315104 0.47963 0.096875 0.144444
0 0.186458 0.787963 0.164583 0.268519
