0 0.924479 0.155556 0.0364583 0.0481481
0 0.245312 0.263889 0.140625 0.087037
0 0.382292 0.175 0.0479167 0.0611111
0 0.769271 0.146296 0.0322917 0.0407407
0 0.733854 0.165741 0.034375 0.0462963
0 0.794271 0.175 0.0364583 0.0537037
0 0.230729 0.327778 0.0510417 0.0814815
0 0.530208 0.175 0.03125 0.05
0 0.817187 0.237037 0.046875 0.0518519
0 0.572396 0.15 0.0302083 0.0518519
0 0.367188 0.267593 0.0489583 0.0722222
0 0.207292 0.363889 0.0645833 0.0981481
0 0.596875 0.188889 0.0333333 0.0518519
0 0.603125 0.437963 0.075 0.17963
0 0.0666667 0.522222 0.0895833 0.137037
0 0.165625 0.409259 0.08125 0.111111
0 0.576563 0.237963 0.040625 0.0685185
0 0.0302083 0.59537 0.0604167 0.17963
0 0.115625 0.462037 0.0895833 0.12037
0 0.828125 0.277778 0.0625 0.0777778
0 0.661979 0.281481 0.0510417 0.0814815
0 0.7875 0.543519 0.1125 0.17963
