0 0.546875 0.251852 0.0458333 0.0481481
0 0.453646 0.235185 0.0510417 0.0407407
0 0.497396 0.244444 0.046875 0.037037
0 0.116667 0.205556 0.0291667 0.0333333
0 0.598437 0.261111 0.059375 0.0555556
0 0.794271 0.317593 0.109375 0.0648148
0 0.166146 0.212963 0.0239583 0.0296296
0 0.917188 0.346296 0.096875 0.0666667
0 0.726042 0.299074 0.0854167 0.0574074
0 0.0677083 0.237963 0.03125 0.0351852
0 0.160417 0.924074 0.31875 0.144444
0 0.122917 0.240741 0.0395833 0.0407407
0 0.230208 0.232407 0.0395833 0.0314815
0 0.223438 0.287037 0.053125 0.0592593
0 0.415104 0.275 0.0635417 0.0574074
0 0.594792 0.331481 0.0916667 0.0740741
0 0.894792 0.448148 0.158333 0.111111
0 0.569792 0.553704 0.175 0.166667
