0 0.273438 0.222222 0.034375 0.0444444
0 0.978646 0.27037 0.0427083 0.0777778
0 0.304167 0.202778 0.0291667 0.0388889
0 0.769271 0.147222 0.0364583 0.0425926
0 0.95625 0.265741 0.0875 0.0907407
0 0.986458 0.186111 0.0270833 0.0537037
0 0.838542 0.187963 0.0416667 0.0537037
0 0.0505208 0.315741 0.0677083 0.0833333
0 0.577604 0.0759259 0.0177083 0.0333333
0 0.3375 0.211111 0.0333333 0.0407407
0 0.291146 0.213889 0.0302083 0.0462963
0 0.950521 0.200926 0.078125 0.0648148
0 0.239063 0.250926 0.0364583 0.0537037
0 0.590104 0.121296 0.0197917 0.0351852
0 0.854167 0.196296 0.0604167 0.0592593
0 0.265104 0.236111 0.0364583 0.05
0 0.0651042 0.400926 0.034375 0.0759259
0 0.507292 0.136111 0.0208333 0.0314815
0 0.126563 0.337037 0.053125 0.0740741
0 0.457812 0.152778 0.021875 0.0351852
0 0.204688 0.268519 0.0552083 0.0555556
0 0.625 0.185185 0.0291667 0.0444444
0 0.158333 0.263889 0.0479167 0.0611111
0 0.0927083 0.368519 0.06875 0.0888889
0 0.659375 0.231481 0.0395833 0.062963
0 0.329688 0.342593 0.0572917 0.0851852
0 0.369271 0.911111 0.171875 0.174074
