0 0.829167 0.286111 0.03125 0.0425926
0 0.865104 0.32037 0.040625 0.0518519
0 0.567708 0.165741 0.01875 0.0314815
0 0.891667 0.337037 0.0458333 0.0518519
0 0.527604 0.193519 0.021875 0.0277778
0 0.332292 0.274074 0.025 0.037037
0 0.653646 0.228704 0.021875 0.0277778
0 0.0348958 0.447222 0.0697917 0.0944444
0 0.00989583 0.886111 0.0197917 0.131481
0 0.508333 0.199074 0.0145833 0.0240741
0 0.968229 0.384259 0.0635417 0.0759259
0 0.235417 0.34537 0.05625 0.0648148
0 0.926042 0.358333 0.05625 0.0611111
