0 0.0885417 0.837963 0.175 0.312963
0 0.253125 0.228704 0.0416667 0.0574074
0 0.276563 0.293519 0.0385417 0.0685185
0 0.178125 0.194444 0.0291667 0.037037
0 0.576563 0.274074 0.084375 0.0814815
0 0.141146 0.225926 0.028125 0.0444444
0 0.483333 0.322222 0.0583333 0.111111
0 0.216667 0.255556 0.0416667 0.0592593
0 0.711979 0.330556 0.107292 0.0907407
0 0.577083 0.387037 0.114583 0.107407
0 0.630208 0.350926 0.1125 0.101852
0 0.865104 0.378704 0.142708 0.135185
0 0.814583 0.589815 0.177083 0.224074
0 0.75625 0.480556 0.158333 0.142593
0 0.26875 0.349074 0.0645833 0.109259
0 0.954167 0.731481 0.0916667 0.162963
0 0.338542 0.409259 0.075 0.103704
0 0.923958 0.560185 0.152083 0.194444
0 0.630729 0.512963 0.167708 0.148148
0 0.417708 0.474074 0.1125 0.12963
0 0.320833 0.517593 0.11875 0.17963
0 0.574479 0.594444 0.161458 0.174074
0 0.806771 0.767593 0.280208 0.346296
