0 0.740104 0.138889 0.028125 0.037037
0 0.273958 0.284259 0.125 0.087037
0 0.779688 0.168519 0.0322917 0.0444444
0 0.230208 0.341667 0.0520833 0.0833333
0 0.532292 0.17037 0.0291667 0.0481481
0 0.739583 0.182407 0.0354167 0.05
0 0.369792 0.273148 0.0458333 0.0685185
0 0.571875 0.15 0.0291667 0.0481481
0 0.803646 0.198148 0.034375 0.0518519
0 0.592188 0.37037 0.059375 0.144444
0 0.826042 0.265741 0.05 0.0685185
0 0.209375 0.375926 0.0708333 0.0925926
0 0.598437 0.176852 0.0302083 0.05
0 0.571875 0.222222 0.0375 0.0592593
0 0.0661458 0.536111 0.090625 0.127778
0 0.841146 0.305556 0.0614583 0.0851852
0 0.167708 0.422222 0.08125 0.111111
0 0.115104 0.473148 0.0927083 0.124074
0 0.64375 0.250926 0.0416667 0.0722222
0 0.0307292 0.608333 0.0614583 0.17963
0 0.723958 0.411111 0.0791667 0.122222
0 0.642708 0.891667 0.1625 0.212963
