0 0.3125 0.0824074 0.0479167 0.0574074
0 0.372396 0.0611111 0.0302083 0.0296296
0 0.0229167 0.301852 0.0458333 0.122222
0 0.311979 0.137037 0.0427083 0.0592593
0 0.233333 0.225 0.0645833 0.0685185
0 0.669792 0.05 0.0333333 0.0518519
0 0.373958 0.112037 0.0354167 0.0722222
0 0.946354 0.0314815 0.0447917 0.0444444
0 0.984896 0.0287037 0.0302083 0.0425926
0 0.729688 0.0277778 0.0302083 0.0407407
0 0.989062 0.0953704 0.021875 0.0388889
0 0.533854 0.0648148 0.021875 0.0481481
0 0.538542 0.128704 0.025 0.0462963
0 0.266146 0.191667 0.0572917 0.0722222
0 0.771875 0.111111 0.05 0.0666667
0 0.971354 0.0759259 0.0552083 0.0518519
0 0.296354 0.160185 0.0510417 0.0685185
0 0.196875 0.277778 0.0645833 0.0925926
0 0.630729 0.125926 0.040625 0.0703704
0 0.0375 0.508333 0.075 0.187037
0 0.596875 0.187037 0.05 0.0814815
0 0.148438 0.32963 0.0947917 0.125926
0 0.744271 0.851852 0.194792 0.288889
0 0.631771 0.37963 0.0927083 0.151852
