0 0.188542 0.149074 0.0333333 0.0574074
0 0.481771 0.0425926 0.0239583 0.0407407
0 0.224479 0.122222 0.0322917 0.0592593
0 0.434375 0.109259 0.0354167 0.0555556
0 0.558333 0.012963 0.01875 0.0259259
0 0.889063 0.147222 0.053125 0.0759259
0 0.0213542 0.272222 0.0427083 0.0925926
0 0.0463542 0.176852 0.0364583 0.0574074
0 0.590625 0.05 0.0270833 0.0555556
0 0.280729 0.212037 0.0802083 0.101852
0 0.608333 0.101852 0.0333333 0.0518519
0 0.980729 0.225 0.0385417 0.105556
0 0.573958 0.135185 0.0395833 0.0666667
0 0.961458 0.165741 0.0770833 0.0648148
0 0.636458 0.164815 0.0458333 0.0703704
0 0.590625 0.27037 0.0583333 0.0962963
0 0.820833 0.497222 0.114583 0.161111
0 0.636458 0.544444 0.1125 0.177778
