0 0.746354 0.0861111 0.028125 0.0388889
0 0.773438 0.0472222 0.021875 0.0277778
0 0.648958 0.12963 0.0395833 0.0481481
0 0.650521 0.162037 0.040625 0.0537037
0 0.567187 0.132407 0.0322917 0.0388889
0 0.835938 0.0740741 0.021875 0.0296296
0 0.924479 0.0268519 0.015625 0.0314815
0 0.883854 0.0435185 0.0260417 0.0425926
0 0.549479 0.172222 0.040625 0.0518519
0 0.904688 0.0990741 0.0260417 0.0388889
0 0.845833 0.132407 0.03125 0.0462963
0 0.496354 0.171296 0.0489583 0.0574074
0 0.572396 0.190741 0.0489583 0.0555556
0 0.891667 0.17963 0.0416667 0.0666667
0 0.972396 0.386111 0.0552083 0.105556
0 0.35 0.301852 0.09375 0.0851852
0 0.447917 0.347222 0.0916667 0.105556
0 0.0645833 0.448148 0.129167 0.118519
0 0.440625 0.650926 0.166667 0.201852
