0 0.452083 0.131481 0.102083 0.0703704
0 0.0302083 0.301852 0.0583333 0.0481481
0 0.638542 0.0277778 0.03125 0.0518519
0 0.425 0.150926 0.0520833 0.0648148
0 0.565625 0.0675926 0.04375 0.0574074
0 0.0203125 0.696296 0.040625 0.177778
0 0.607292 0.0472222 0.04375 0.05
0 0.230208 0.252778 0.104167 0.087037
0 0.404687 0.30463 0.134375 0.172222
0 0.121354 0.314815 0.115625 0.107407
0 0.522396 0.0907407 0.0552083 0.062963
0 0.469792 0.12037 0.0645833 0.062963
0 0.0354167 0.372222 0.0708333 0.103704
0 0.677604 0.110185 0.065625 0.0796296
