0 0.368229 0.191667 0.0302083 0.0462963
0 0.480208 0.107407 0.01875 0.0296296
0 0.405208 0.157407 0.0270833 0.037037
0 0.63125 0.155556 0.0291667 0.0407407
0 0.432813 0.181481 0.034375 0.0444444
0 0.533333 0.174074 0.0291667 0.0444444
0 0.682292 0.182407 0.0375 0.0611111
0 0.902083 0.27963 0.0604167 0.0814815
0 0.490104 0.15463 0.0260417 0.0425926
0 0.471354 0.208333 0.0322917 0.05
0 0.791146 0.255556 0.0510417 0.062963
0 0.652604 0.234259 0.0385417 0.0574074
0 0.897917 0.405556 0.0791667 0.1
0 0.677604 0.323148 0.053125 0.0759259
0 0.359896 0.271296 0.0489583 0.0722222
0 0.783854 0.375926 0.065625 0.0925926
0 0.232292 0.332407 0.0625 0.0759259
0 0.68125 0.430556 0.0625 0.0981481
0 0.225521 0.458333 0.0864583 0.112963
0 0.104167 0.62037 0.125 0.166667
0 0.284375 0.580556 0.108333 0.161111
0 0.909375 0.616667 0.122917 0.155556
0 0.735937 0.648148 0.103125 0.151852
