0 0.71875 0.0731481 0.0354167 0.0462963
0 0.304167 0.149074 0.05 0.0648148
0 0.553646 0.0361111 0.028125 0.0574074
0 0.982813 0.0398148 0.034375 0.0462963
0 0.943229 0.0398148 0.0427083 0.0425926
0 0.578646 0.0138889 0.021875 0.0240741
0 0.9875 0.107407 0.025 0.0592593
0 0.967708 0.087037 0.0520833 0.0518519
0 0.29375 0.166667 0.05 0.0666667
0 0.419271 0.116667 0.084375 0.0555556
0 0.590104 0.0824074 0.0322917 0.0537037
0 0.651563 0.140741 0.0510417 0.0962963
0 0.576563 0.115741 0.0364583 0.0685185
0 0.263542 0.200926 0.0583333 0.0796296
0 0.599479 0.225926 0.059375 0.0962963
0 0.194792 0.285185 0.0666667 0.1
0 0.870313 0.227778 0.0822917 0.0962963
0 0.0354167 0.516667 0.0708333 0.181481
0 0.230208 0.241667 0.0645833 0.087037
0 0.678646 0.223148 0.0614583 0.0944444
0 0.145313 0.337037 0.096875 0.12963
0 0.852604 0.619444 0.169792 0.264815
0 0.678646 0.830556 0.171875 0.331481
0 0.620313 0.401852 0.096875 0.155556
