0 0.555208 0.0212963 0.0208333 0.0351852
0 0.716146 0.0333333 0.0302083 0.0555556
0 0.363021 0.126852 0.0385417 0.0574074
0 0.375 0.109259 0.0395833 0.0518519
0 0.351042 0.137963 0.0458333 0.0574074
0 0.308854 0.172222 0.065625 0.0592593
0 0.751562 0.075 0.034375 0.0462963
0 0.339063 0.15463 0.0385417 0.0574074
0 0.802604 0.0805556 0.0302083 0.05
0 0.592708 0.0490741 0.0291667 0.0425926
0 0.246875 0.247222 0.0541667 0.087037
0 0.631771 0.0425926 0.0260417 0.037037
0 0.850521 0.0962963 0.0552083 0.062963
0 0.545833 0.0601852 0.0270833 0.0425926
0 0.226042 0.278704 0.0666667 0.0944444
0 0.084375 0.437037 0.0895833 0.122222
0 0.78125 0.100926 0.04375 0.0574074
0 0.185937 0.325 0.0822917 0.112963
0 0.134896 0.380556 0.090625 0.12037
0 0.963021 0.3 0.0739583 0.107407
0 0.119271 0.543519 0.126042 0.183333
0 0.040625 0.511111 0.08125 0.17037
0 0.630208 0.260185 0.0625 0.101852
0 0.733854 0.446296 0.0989583 0.17037
