0 0.0427083 0.0777778 0.0833333 0.0814815
0 0.711979 0.131481 0.021875 0.0259259
0 0.942187 0.0925926 0.015625 0.0222222
0 0.863021 0.136111 0.0197917 0.0277778
0 0.0104167 0.106481 0.0208333 0.0277778
0 0.752604 0.146296 0.0239583 0.0296296
0 0.903646 0.119444 0.015625 0.0240741
0 0.560417 0.212037 0.0354167 0.0388889
0 0.0807292 0.101852 0.0885417 0.0444444
0 0.627083 0.19537 0.0354167 0.05
0 0.886979 0.147222 0.0197917 0.0351852
0 0.827083 0.189815 0.0291667 0.0388889
0 0.646875 0.213889 0.0416667 0.0537037
0 0.969271 0.144444 0.021875 0.0333333
0 0.944271 0.487963 0.0697917 0.12037
0 0.829167 0.269444 0.04375 0.0611111
0 0.546875 0.240741 0.0479167 0.0592593
0 0.439583 0.34537 0.0958333 0.112963
0 0.310937 0.501852 0.151042 0.166667
0 0.629167 0.459259 0.0916667 0.111111
