0 0.652604 0.0740741 0.0177083 0.0296296
0 0.741667 0.0944444 0.0270833 0.037037
0 0.615625 0.0675926 0.0208333 0.0462963
0 0.416146 0.102778 0.0239583 0.0314815
0 0.485938 0.112037 0.0260417 0.0425926
0 0.53125 0.107407 0.0291667 0.0481481
0 0.403125 0.164815 0.0395833 0.0592593
0 0.667708 0.111111 0.025 0.037037
0 0.775521 0.190741 0.0447917 0.0555556
0 0.873958 0.214815 0.05 0.062963
0 0.643229 0.173148 0.0322917 0.0574074
0 0.350521 0.25463 0.0489583 0.0722222
0 0.850521 0.263889 0.059375 0.0722222
0 0.436979 0.218519 0.0427083 0.062963
0 0.0114583 0.774074 0.0229167 0.137037
0 0.263542 0.327778 0.0625 0.0888889
0 0.474479 0.286111 0.059375 0.109259
0 0.813021 0.393519 0.078125 0.105556
0 0.141667 0.776852 0.15625 0.309259
0 0.657812 0.285185 0.053125 0.1
0 0.701042 0.440741 0.0833333 0.122222
0 0.0598958 0.477778 0.113542 0.12963
