0 0.0526042 0.387037 0.046875 0.0481481
0 0.309896 0.296296 0.0260417 0.0444444
0 0.333333 0.286111 0.03125 0.0388889
0 0.789062 0.355556 0.0302083 0.0444444
0 0.6 0.255556 0.0208333 0.0259259
0 0.270312 0.326852 0.0364583 0.0425926
0 0.819271 0.375 0.046875 0.0537037
0 0.769792 0.339815 0.0375 0.0388889
0 0.295833 0.310185 0.0354167 0.0425926
0 0.976042 0.506481 0.0479167 0.0722222
0 0.115625 0.436111 0.08125 0.0907407
0 0.607292 0.32963 0.0333333 0.0481481
0 0.853125 0.402778 0.05625 0.0537037
0 0.9 0.427778 0.0833333 0.0814815
0 0.242708 0.348148 0.0354167 0.0518519
0 0.944792 0.469444 0.0875 0.0796296
0 0.985937 0.558333 0.0260417 0.087037
0 0.0125 0.535185 0.025 0.0814815
0 0.213021 0.367593 0.0489583 0.0537037
