0 0.857292 0.025 0.0375 0.0388889
0 0.0145833 0.25 0.0291667 0.0407407
0 0.107292 0.212037 0.0458333 0.0462963
0 0.597917 0.34537 0.14375 0.138889
0 0.808333 0.0194444 0.0395833 0.0388889
0 0.784375 0.156481 0.05625 0.05
0 0.70625 0.134259 0.05625 0.05
0 0.34375 0.112037 0.0541667 0.0425926
0 0.15 0.17963 0.0604167 0.0518519
0 0.957812 0.148148 0.0510417 0.0814815
0 0.0614583 0.211111 0.0666667 0.0555556
0 0.498437 0.285185 0.065625 0.062963
0 0.607292 0.180556 0.0625 0.0648148
0 0.2125 0.480556 0.102083 0.109259
0 0.0395833 0.509259 0.0791667 0.0925926
0 0.802083 0.412963 0.114583 0.118519
0 0.416146 0.92037 0.253125 0.151852
0 0.752604 0.335185 0.117708 0.118519
0 0.464063 0.736111 0.215625 0.216667
