0 0.406771 0.087963 0.0364583 0.0314815
0 0.25625 0.142593 0.0354167 0.0444444
0 0.0213542 0.240741 0.0427083 0.0444444
0 0.205729 0.165741 0.059375 0.0574074
0 0.793229 0.0462963 0.0447917 0.062963
0 0.0328125 0.215741 0.0635417 0.0537037
0 0.975521 0.128704 0.0489583 0.0685185
0 0.897917 0.197222 0.0875 0.12037
0 0.604688 0.185185 0.0510417 0.0592593
0 0.0739583 0.518519 0.110417 0.1
0 0.651042 0.782407 0.20625 0.242593
0 0.494792 0.555556 0.166667 0.159259
0 0.315104 0.880556 0.290625 0.231481
