0 0.534375 0.15 0.0229167 0.0333333
0 0.505729 0.14537 0.021875 0.0351852
0 0.108854 0.0472222 0.065625 0.0388889
0 0.653125 0.138889 0.0208333 0.0296296
0 0.441667 0.136111 0.0208333 0.0314815
0 0.484896 0.17037 0.028125 0.0592593
0 0.463021 0.15 0.0197917 0.0259259
0 0.708854 0.167593 0.028125 0.0240741
0 0.528125 0.186111 0.0291667 0.0388889
0 0.0270833 0.0564815 0.05 0.0388889
0 0.422917 0.213889 0.0333333 0.0462963
0 0.619271 0.160185 0.0239583 0.0388889
0 0.845833 0.25463 0.04375 0.0574074
0 0.671354 0.178704 0.028125 0.05
0 0.739062 0.206481 0.0322917 0.0462963
0 0.814062 0.299074 0.053125 0.0685185
0 0.461458 0.238889 0.0354167 0.0518519
0 0.778125 0.775926 0.11875 0.244444
0 0.504687 0.278704 0.040625 0.0685185
0 0.709375 0.243519 0.0375 0.0537037
0 0.348437 0.302778 0.046875 0.0685185
0 0.6625 0.311111 0.04375 0.0703704
0 0.435417 0.283333 0.0458333 0.0740741
0 0.748958 0.339815 0.0583333 0.0833333
0 0.961979 0.510185 0.0760417 0.116667
0 0.948958 0.787037 0.1 0.2
0 0.234375 0.472222 0.0791667 0.107407
0 0.180208 0.780556 0.141667 0.231481
