0 0.607813 0.233333 0.0447917 0.0407407
0 0.0078125 0.361111 0.015625 0.0888889
0 0.0276042 0.360185 0.0489583 0.0907407
0 0.046875 0.274074 0.0333333 0.0592593
0 0.296354 0.172222 0.0239583 0.0333333
0 0.561979 0.219444 0.0489583 0.0388889
0 0.330208 0.187037 0.0333333 0.0407407
0 0.0348958 0.211111 0.028125 0.0444444
0 0.653125 0.242593 0.0520833 0.0481481
0 0.711979 0.25463 0.0677083 0.0574074
0 0.916146 0.322222 0.103125 0.0703704
0 0.947917 0.736111 0.104167 0.205556
0 0.829167 0.299074 0.06875 0.0574074
0 0.18125 0.213889 0.0479167 0.0833333
0 0.445833 0.230556 0.0583333 0.0611111
0 0.530729 0.375926 0.096875 0.0962963
