0 0.625 0.0185185 0.0229167 0.037037
0 0.253646 0.226852 0.053125 0.0833333
0 0.586458 0.0148148 0.0270833 0.0296296
0 0.899479 0.156481 0.0614583 0.0759259
0 0.821354 0.0731481 0.040625 0.0574074
0 0.889063 0.176852 0.065625 0.0722222
0 0.907292 0.132407 0.05625 0.0722222
0 0.780729 0.102778 0.0427083 0.0611111
0 0.60625 0.0814815 0.0354167 0.0555556
0 0.592708 0.147222 0.04375 0.0944444
0 0.015625 0.702778 0.03125 0.109259
0 0.892708 0.22963 0.0708333 0.0925926
0 0.630729 0.126852 0.0427083 0.0685185
0 0.232292 0.263889 0.0708333 0.0944444
0 0.0916667 0.424074 0.0895833 0.12963
0 0.191146 0.311111 0.0802083 0.111111
0 0.04375 0.491667 0.0875 0.175926
0 0.613021 0.22037 0.059375 0.1
0 0.140104 0.362037 0.0927083 0.124074
0 0.438542 0.187963 0.1 0.0759259
0 0.730208 0.259259 0.06875 0.107407
0 0.661979 0.437963 0.109375 0.212963
0 0.896875 0.667593 0.175 0.272222
0 0.685938 0.82963 0.169792 0.325926
