0 0.957812 0.0138889 0.015625 0.0203704
0 0.775521 0.0388889 0.0260417 0.0259259
0 0.894792 0.0314815 0.0166667 0.0259259
0 0.778646 0.260185 0.084375 0.153704
0 0.802604 0.037037 0.0197917 0.0259259
0 0.868229 0.0324074 0.0197917 0.0240741
0 0.733333 0.0481481 0.0229167 0.037037
0 0.914062 0.0453704 0.0197917 0.0351852
0 0.695312 0.131481 0.0364583 0.0407407
0 0.665625 0.0916667 0.03125 0.05
0 0.950521 0.0731481 0.0239583 0.0351852
0 0.879167 0.0583333 0.0208333 0.0314815
0 0.907292 0.0814815 0.025 0.0333333
0 0.633854 0.149074 0.040625 0.05
0 0.5 0.175926 0.0520833 0.0518519
0 0.895312 0.153704 0.034375 0.0518519
0 0.594271 0.15 0.046875 0.0481481
0 0.485938 0.560185 0.121875 0.161111
0 0.3625 0.397222 0.1125 0.138889
