0 0.252604 0.232407 0.0572917 0.0907407
0 0.0458333 0.82963 0.0916667 0.151852
0 0.588542 0.121296 0.0354167 0.0833333
0 0.857813 0.125926 0.053125 0.0703704
0 0.602083 0.0564815 0.0270833 0.0537037
0 0.617708 0.103704 0.0354167 0.0592593
0 0.0161458 0.706481 0.0322917 0.101852
0 0.827604 0.187037 0.059375 0.0851852
0 0.973437 0.212037 0.053125 0.087037
0 0.234375 0.269444 0.0729167 0.0944444
0 0.694792 0.165741 0.05 0.0759259
0 0.09375 0.427778 0.0895833 0.137037
0 0.142708 0.366667 0.0895833 0.125926
0 0.192188 0.315741 0.0822917 0.109259
0 0.0447917 0.497222 0.0854167 0.164815
0 0.610937 0.183333 0.053125 0.0851852
0 0.8625 0.535185 0.133333 0.251852
0 0.636458 0.299074 0.0833333 0.15
0 0.626042 0.438889 0.0958333 0.166667
0 0.764063 0.338889 0.090625 0.12963
0 0.703125 0.612037 0.1375 0.324074
