0 0.506771 0.10463 0.0239583 0.0537037
0 0.677083 0.143519 0.0270833 0.0351852
0 0.382812 0.175 0.0302083 0.0388889
0 0.828125 0.193519 0.0395833 0.05
0 0.767708 0.198148 0.0416667 0.0518519
0 0.644792 0.187963 0.0354167 0.0462963
0 0.629167 0.15 0.0291667 0.0444444
0 0.709896 0.205556 0.034375 0.0666667
0 0.460938 0.201852 0.0385417 0.0666667
0 0.514583 0.205556 0.0375 0.0703704
0 0.689583 0.367593 0.0708333 0.127778
0 0.971354 0.35 0.0572917 0.0814815
0 0.836979 0.289815 0.0572917 0.0722222
0 0.978125 0.52037 0.04375 0.12963
0 0.340104 0.293519 0.053125 0.0722222
0 0.650521 0.249074 0.0447917 0.0796296
0 0.978646 0.889815 0.0427083 0.175926
0 0.744792 0.253704 0.0479167 0.0666667
0 0.817708 0.883333 0.154167 0.225926
0 0.408854 0.334259 0.0572917 0.101852
0 0.822917 0.415741 0.0791667 0.101852
0 0.445833 0.461111 0.075 0.122222
0 0.296354 0.531482 0.0947917 0.140741
