0 0.658854 0.260185 0.0677083 0.0425926
0 0.967708 0.165741 0.0125 0.0166667
0 0.674479 0.252778 0.040625 0.0425926
0 0.94375 0.288889 0.04375 0.062963
0 0.411458 0.347222 0.0729167 0.0685185
0 0.642708 0.266667 0.0354167 0.0407407
0 0.608854 0.278704 0.040625 0.0425926
0 0.873438 0.442593 0.0739583 0.103704
0 0.571875 0.293519 0.0458333 0.0462963
0 0.35 0.383333 0.0791667 0.0777778
0 0.530729 0.308333 0.0489583 0.0462963
0 0.172917 0.401852 0.0604167 0.062963
0 0.88125 0.362037 0.0541667 0.0722222
0 0.264583 0.418519 0.0958333 0.0777778
