0 0.666146 0.284259 0.040625 0.0611111
0 0.597396 0.173148 0.0177083 0.0314815
0 0.953646 0.383333 0.059375 0.062963
0 0.88125 0.32963 0.0375 0.0518519
0 0.509896 0.196296 0.0197917 0.0222222
0 0.594271 0.213889 0.0177083 0.0277778
0 0.982813 0.406481 0.034375 0.0722222
0 0.914583 0.35 0.0583333 0.062963
0 0.638542 0.227778 0.0270833 0.0333333
0 0.653646 0.262963 0.028125 0.037037
0 0.459375 0.297222 0.0291667 0.0574074
0 0.486458 0.238889 0.025 0.0407407
0 0.479167 0.330556 0.0395833 0.0648148
0 0.225 0.337037 0.0520833 0.062963
0 0.674479 0.298148 0.034375 0.0555556
0 0.720312 0.400926 0.0614583 0.0759259
0 0.661458 0.461111 0.0666667 0.1
