0 0.791146 0.107407 0.015625 0.0259259
0 0.938021 0.112037 0.0197917 0.0314815
0 0.00989583 0.103704 0.0197917 0.0296296
0 0.757292 0.132407 0.0229167 0.0277778
0 0.971875 0.0842593 0.0145833 0.0240741
0 0.83125 0.160185 0.0270833 0.0425926
0 0.893229 0.118519 0.0197917 0.0333333
0 0.0791667 0.0972222 0.0895833 0.0425926
0 0.876042 0.163889 0.025 0.0388889
0 0.921875 0.146296 0.025 0.0444444
0 0.600521 0.207407 0.0447917 0.0481481
0 0.803646 0.309259 0.053125 0.0814815
0 0.745313 0.441667 0.0822917 0.116667
0 0.657292 0.405556 0.0770833 0.0962963
0 0.109375 0.465741 0.1375 0.116667
0 0.0859375 0.60463 0.171875 0.212963
