0 0.265104 0.150926 0.0427083 0.0537037
0 0.157813 0.182407 0.0614583 0.0648148
0 0.518229 0.111111 0.0302083 0.0592593
0 0.640104 0.126852 0.0322917 0.0537037
0 0.491146 0.062963 0.021875 0.0333333
0 0.936458 0.172222 0.0604167 0.062963
0 0.461979 0.130556 0.0322917 0.0537037
0 0.414062 0.249074 0.0552083 0.116667
0 0.0885417 0.285185 0.0666667 0.0740741
0 0.727083 0.171296 0.0458333 0.0648148
0 0.595833 0.162963 0.0354167 0.0592593
0 0.96875 0.190741 0.0625 0.0703704
0 0.190625 0.238889 0.0708333 0.103704
0 0.663021 0.163889 0.040625 0.0611111
0 0.121354 0.259259 0.053125 0.0740741
0 0.411458 0.166667 0.0416667 0.0555556
0 0.325521 0.22963 0.0510417 0.0740741
0 0.517187 0.180556 0.0385417 0.0648148
0 0.683333 0.237963 0.0583333 0.0944444
0 0.491146 0.315741 0.0635417 0.101852
0 0.625 0.302778 0.0708333 0.12037
0 0.08125 0.873148 0.160417 0.242593
0 0.796354 0.309259 0.0760417 0.103704
0 0.280729 0.40463 0.090625 0.131481
0 0.664583 0.511111 0.102083 0.159259
0 0.821354 0.512037 0.115625 0.157407
