0 0.334896 0.110185 0.0302083 0.0277778
0 0.866146 0.087037 0.0364583 0.0444444
0 0.722917 0.100926 0.05 0.05
0 0.428646 0.72963 0.123958 0.251852
0 0.856771 0.0259259 0.040625 0.0407407
0 0.197917 0.164815 0.0625 0.0555556
0 0.767708 0.0796296 0.0458333 0.0481481
0 0.630729 0.111111 0.0489583 0.0444444
0 0.594271 0.353704 0.138542 0.122222
0 0.252083 0.15463 0.0583333 0.05
0 0.119792 0.20463 0.0729167 0.0537037
0 0.608854 0.15 0.0510417 0.0555556
0 0.0473958 0.232407 0.078125 0.0648148
0 0.398438 0.644444 0.157292 0.196296
0 0.894792 0.190741 0.0770833 0.0962963
0 0.378646 0.343519 0.0822917 0.0796296
0 0.683854 0.393519 0.111458 0.12037
