0 0.009375 0.0990741 0.01875 0.0314815
0 0.846354 0.125 0.0239583 0.0351852
0 0.965104 0.0638889 0.0177083 0.0277778
0 0.870313 0.153704 0.0260417 0.0407407
0 0.652604 0.180556 0.0364583 0.0425926
0 0.898958 0.221296 0.0375 0.0611111
0 0.973958 0.235185 0.0375 0.062963
0 0.764063 0.230556 0.046875 0.0574074
0 0.03125 0.501852 0.0625 0.114815
0 0.509375 0.239815 0.05 0.0759259
0 0.965625 0.344444 0.05625 0.0888889
0 0.809896 0.263889 0.046875 0.0648148
0 0.715625 0.456481 0.09375 0.135185
0 0.86875 0.337037 0.05625 0.0851852
0 0.530208 0.275 0.0604167 0.0759259
0 0.658854 0.390741 0.084375 0.0962963
0 0.366146 0.340741 0.0802083 0.0740741
