0 0.515625 0.180556 0.01875 0.0351852
0 0.895312 0.344444 0.0385417 0.0518519
0 0.330729 0.281481 0.034375 0.037037
0 0.969271 0.387037 0.0614583 0.0703704
0 0.0359375 0.452778 0.071875 0.0944444
0 0.575 0.181481 0.0208333 0.0407407
0 0.54375 0.225 0.0229167 0.0277778
0 0.655729 0.234259 0.028125 0.0314815
0 0.514583 0.230556 0.0208333 0.0388889
0 0.234896 0.350926 0.0510417 0.0611111
0 0.927083 0.363889 0.05625 0.0611111
0 0.516667 0.347222 0.0395833 0.0611111
0 0.403125 0.433333 0.0583333 0.0925926
0 0.494271 0.449074 0.0572917 0.105556
