0 0.923437 0.012037 0.0322917 0.0240741
0 0.0734375 0.405556 0.144792 0.225926
0 0.761979 0.0259259 0.059375 0.0518519
0 0.708333 0.0712963 0.0729167 0.0611111
0 0.0786458 0.346296 0.134375 0.111111
0 0.830729 0.0268519 0.059375 0.0537037
0 0.554167 0.107407 0.0791667 0.0703704
0 0.980729 0.156481 0.0385417 0.0981481
0 0.643229 0.137037 0.0989583 0.0962963
0 0.350521 0.283333 0.140625 0.122222
0 0.718229 0.442593 0.173958 0.174074
0 0.225 0.682407 0.254167 0.231481
0 0.779688 0.622222 0.209375 0.244444
