0 0.325521 0.285185 0.0552083 0.0444444
0 0.984896 0.559259 0.0302083 0.0814815
0 0.653646 0.386111 0.0447917 0.0648148
0 0.827604 0.377778 0.034375 0.0518519
0 0.76875 0.340741 0.0333333 0.0407407
0 0.297396 0.305556 0.040625 0.0481481
0 0.0557292 0.385185 0.0489583 0.0407407
0 0.532292 0.231481 0.0125 0.0185185
0 0.502083 0.226852 0.0125 0.0203704
0 0.855729 0.402778 0.0552083 0.0537037
0 0.977604 0.50463 0.0447917 0.0685185
0 0.272396 0.326852 0.0364583 0.0462963
0 0.903125 0.426852 0.08125 0.0833333
0 0.605208 0.256481 0.0145833 0.0314815
0 0.945833 0.472222 0.0854167 0.0851852
0 0.673437 0.441667 0.053125 0.0981481
0 0.115104 0.434259 0.084375 0.0907407
0 0.246875 0.346296 0.0416667 0.0518519
0 0.539062 0.284259 0.021875 0.0388889
0 0.0151042 0.535185 0.0302083 0.0851852
0 0.627083 0.341667 0.0354167 0.05
0 0.586458 0.287963 0.0229167 0.0351852
0 0.373437 0.509259 0.0697917 0.111111
0 0.215625 0.366667 0.05 0.0555556
