0 0.569271 0.0333333 0.0177083 0.0296296
0 0.363542 0.14537 0.04375 0.0574074
0 0.238021 0.19537 0.0447917 0.0722222
0 0.329688 0.180556 0.040625 0.0648148
0 0.721354 0.0509259 0.0260417 0.0351852
0 0.351562 0.160185 0.040625 0.0611111
0 0.297396 0.2 0.059375 0.062963
0 0.600521 0.109259 0.0447917 0.0777778
0 0.701563 0.0666667 0.028125 0.0407407
0 0.572396 0.062963 0.0239583 0.0407407
0 0.748958 0.116667 0.0375 0.062963
0 0.239583 0.272222 0.05 0.0851852
0 0.832812 0.124074 0.040625 0.0555556
0 0.216667 0.305556 0.0666667 0.0962963
0 0.813542 0.165741 0.0458333 0.0685185
0 0.641146 0.15 0.0385417 0.062963
0 0.0744792 0.466667 0.090625 0.133333
0 0.571875 0.156481 0.0375 0.0611111
0 0.125521 0.402778 0.090625 0.124074
0 0.177083 0.352778 0.0791667 0.112963
0 0.0354167 0.538889 0.0708333 0.177778
0 0.819271 0.252778 0.0697917 0.0833333
0 0.917188 0.255556 0.0802083 0.0925926
0 0.478125 0.25 0.0833333 0.0777778
