0 0.220313 0.290741 0.090625 0.0925926
0 0.579167 0.165741 0.04375 0.0833333
0 0.284896 0.192593 0.0427083 0.0666667
0 0.591146 0.100926 0.0364583 0.0462963
0 0.641667 0.0444444 0.0229167 0.0444444
0 0.971354 0.0824074 0.0364583 0.0462963
0 0.711458 0.0314815 0.01875 0.0259259
0 0.375521 0.165741 0.046875 0.0462963
0 0.247917 0.291667 0.0375 0.0796296
0 0.981771 0.0953704 0.0364583 0.05
0 0.260417 0.261111 0.05 0.0703704
0 0.588542 0.142593 0.0354167 0.0592593
0 0.384375 0.156481 0.03125 0.0462963
0 0.333333 0.19537 0.0625 0.0648148
0 0.173438 0.339815 0.0385417 0.0981481
0 0.645312 0.159259 0.034375 0.0740741
0 0.657292 0.209259 0.0458333 0.0777778
0 0.571354 0.186111 0.0427083 0.0685185
0 0.03125 0.484259 0.0625 0.105556
0 0.0776042 0.426852 0.078125 0.0944444
0 0.132812 0.385185 0.084375 0.114815
0 0.533333 0.25463 0.0583333 0.0907407
0 0.523438 0.438889 0.084375 0.148148
0 0.592188 0.303704 0.0677083 0.1
