0 0.0895833 0.125926 0.025 0.0296296
0 0.85625 0.221296 0.125 0.0796296
0 0.853646 0.12963 0.0552083 0.0592593
0 0.500521 0.075 0.065625 0.0425926
0 0.729688 0.122222 0.0385417 0.037037
0 0.808854 0.12963 0.053125 0.0666667
0 0.169792 0.137037 0.0354167 0.037037
0 0.009375 0.146296 0.01875 0.0333333
0 0.54375 0.150926 0.0666667 0.0611111
0 0.967708 0.139815 0.0583333 0.0759259
0 0.580729 0.164815 0.0510417 0.0518519
0 0.252083 0.183333 0.0479167 0.0592593
0 0.0385417 0.192593 0.0354167 0.0481481
0 0.738021 0.199074 0.084375 0.0685185
0 0.196875 0.297222 0.0708333 0.087037
0 0.236979 0.480556 0.121875 0.164815
