0 0.467708 0.112037 0.0145833 0.0203704
0 0.435937 0.182407 0.0260417 0.0425926
0 0.690625 0.127778 0.025 0.0333333
0 0.778125 0.175926 0.0291667 0.0481481
0 0.714063 0.162037 0.0260417 0.0351852
0 0.422917 0.15463 0.0229167 0.0351852
0 0.690104 0.175926 0.0302083 0.0444444
0 0.508854 0.130556 0.0177083 0.0388889
0 0.758854 0.213889 0.0364583 0.0537037
0 0.525 0.185185 0.0291667 0.0481481
0 0.490104 0.178704 0.0302083 0.05
0 0.457812 0.156481 0.021875 0.0351852
0 0.454167 0.225 0.04375 0.087037
0 0.64375 0.212963 0.03125 0.0518519
0 0.703646 0.22963 0.040625 0.0555556
0 0.829167 0.309259 0.05625 0.0703704
0 0.508854 0.25 0.0447917 0.0666667
0 0.919271 0.309259 0.065625 0.0740741
0 0.679167 0.384259 0.0583333 0.12037
0 0.367188 0.291667 0.0489583 0.0685185
0 0.792708 0.387963 0.0708333 0.0907407
0 0.404167 0.350926 0.0541667 0.0833333
0 0.963021 0.480556 0.0739583 0.105556
0 0.339063 0.475926 0.0822917 0.137037
0 0.850521 0.526852 0.0947917 0.124074
0 0.213021 0.477778 0.0864583 0.122222
0 0.445833 0.488889 0.075 0.133333
