0 0.396875 0.103704 0.03125 0.0407407
0 0.811458 0.1 0.0416667 0.0481481
0 0.267708 0.122222 0.05625 0.062963
0 0.352083 0.12037 0.0375 0.0518519
0 0.701042 0.0564815 0.0229167 0.0314815
0 0.243229 0.169444 0.0510417 0.0685185
0 0.392708 0.0824074 0.0520833 0.0796296
0 0.321354 0.087037 0.046875 0.0555556
0 0.473437 0.0574074 0.0385417 0.0740741
0 0.430208 0.213889 0.0520833 0.101852
0 0.417188 0.152778 0.046875 0.0685185
0 0.615104 0.108333 0.0322917 0.0462963
0 0.284375 0.797222 0.189583 0.387037
