0 0.421875 0.137963 0.0229167 0.0574074
0 0.565104 0.0435185 0.0177083 0.0388889
0 0.353646 0.161111 0.0385417 0.0592593
0 0.694271 0.0592593 0.0260417 0.0407407
0 0.239583 0.2 0.0416667 0.0666667
0 0.363542 0.146296 0.0375 0.0555556
0 0.594792 0.0333333 0.0166667 0.0296296
0 0.342187 0.172222 0.040625 0.0555556
0 0.713542 0.0777778 0.0291667 0.037037
0 0.748438 0.0962963 0.0302083 0.0481481
0 0.298958 0.203704 0.0583333 0.0592593
0 0.332292 0.183333 0.0375 0.0592593
0 0.798958 0.106481 0.0354167 0.05
0 0.239583 0.276852 0.0479167 0.0833333
0 0.564583 0.112037 0.03125 0.0537037
0 0.769271 0.128704 0.0385417 0.0611111
0 0.219271 0.311111 0.0697917 0.0962963
0 0.125521 0.409259 0.090625 0.125926
0 0.572396 0.214815 0.0489583 0.0814815
0 0.864583 0.297222 0.0854167 0.116667
0 0.075 0.469444 0.0916667 0.135185
0 0.908333 0.24537 0.06875 0.0833333
0 0.0359375 0.542593 0.071875 0.174074
0 0.823958 0.158333 0.0520833 0.087037
0 0.667188 0.20463 0.046875 0.0759259
0 0.175521 0.357407 0.0822917 0.111111
