0 0.810938 0.161111 0.0322917 0.0518519
0 0.640104 0.101852 0.034375 0.0518519
0 0.704687 0.106481 0.0239583 0.0388889
0 0.48125 0.0777778 0.0208333 0.0259259
0 0.757812 0.113889 0.028125 0.0388889
0 0.608333 0.0685185 0.0208333 0.037037
0 0.429167 0.102778 0.025 0.0314815
0 0.547917 0.0546296 0.01875 0.0314815
0 0.517187 0.0666667 0.0177083 0.0296296
0 0.433333 0.141667 0.0291667 0.0388889
0 0.4875 0.128704 0.025 0.0537037
0 0.620833 0.136111 0.0270833 0.0425926
0 0.529167 0.146296 0.0291667 0.0444444
0 0.853646 0.221296 0.0489583 0.0611111
0 0.782292 0.182407 0.0458333 0.0722222
0 0.372396 0.161111 0.034375 0.0444444
0 0.646354 0.197222 0.0364583 0.0611111
0 0.0666667 0.587037 0.133333 0.233333
0 0.833854 0.434259 0.084375 0.109259
