0 0.859375 0.181481 0.0416667 0.0333333
0 0.673958 0.251852 0.0416667 0.0407407
0 0.609375 0.278704 0.0416667 0.0425926
0 0.968229 0.163889 0.0177083 0.0240741
0 0.643229 0.264815 0.034375 0.0407407
0 0.411979 0.349074 0.071875 0.0685185
0 0.573438 0.293519 0.0489583 0.0462963
0 0.968229 0.259259 0.034375 0.0555556
0 0.923958 0.307407 0.0395833 0.0518519
0 0.928125 0.356481 0.0479167 0.0685185
0 0.531771 0.307407 0.0510417 0.0444444
0 0.35 0.384259 0.08125 0.0796296
0 0.173438 0.402778 0.059375 0.0648148
0 0.265104 0.418519 0.0947917 0.0777778
0 0.680208 0.65 0.139583 0.177778
