0 0.311458 0.0703704 0.0354167 0.037037
0 0.159375 0.114815 0.0375 0.0555556
0 0.102083 0.146296 0.0375 0.062963
0 0.53125 0.121296 0.0583333 0.0685185
0 0.417188 0.10463 0.0510417 0.0722222
0 0.514063 0.144444 0.0510417 0.0777778
0 0.147917 0.17037 0.0416667 0.0592593
0 0.0901042 0.192593 0.046875 0.0666667
0 0.266667 0.285185 0.0791667 0.133333
0 0.294271 0.236111 0.0614583 0.0796296
0 0.604167 0.280556 0.0854167 0.0685185
0 0.444792 0.160185 0.0541667 0.0537037
0 0.0369792 0.346296 0.0697917 0.118519
0 0.684896 0.275926 0.101042 0.0851852
0 0.218229 0.435185 0.111458 0.177778
0 0.918229 0.398148 0.148958 0.12963
0 0.544792 0.44537 0.127083 0.15
