0 0.105208 0.037037 0.0708333 0.037037
0 0.0364583 0.0583333 0.0708333 0.0425926
0 0.540104 0.142593 0.021875 0.0333333
0 0.392708 0.325926 0.0729167 0.148148
0 0.761458 0.212963 0.0354167 0.0481481
0 0.665104 0.160185 0.021875 0.0351852
0 0.627083 0.169444 0.03125 0.0425926
0 0.829687 0.22963 0.0427083 0.0518519
0 0.436458 0.175 0.025 0.0388889
0 0.686458 0.181481 0.03125 0.0555556
0 0.518229 0.22963 0.0364583 0.0518519
0 0.638542 0.225 0.0354167 0.05
0 0.992708 0.603704 0.0145833 0.0703704
0 0.664583 0.302778 0.0479167 0.0796296
0 0.744792 0.385185 0.0604167 0.1
0 0.340104 0.310185 0.053125 0.0722222
0 0.781771 0.312037 0.0572917 0.0759259
0 0.773958 0.799074 0.13125 0.205556
0 0.415625 0.52963 0.0875 0.140741
