0 0.982292 0.0435185 0.0270833 0.0388889
0 0.890104 0.0425926 0.0260417 0.037037
0 0.577083 0.122222 0.0458333 0.0481481
0 0.622396 0.162963 0.0552083 0.062963
0 0.844792 0.125926 0.0395833 0.0555556
0 0.779167 0.15 0.0458333 0.0555556
0 0.710938 0.394444 0.0989583 0.166667
0 0.752083 0.218519 0.06875 0.0925926
0 0.532812 0.197222 0.0677083 0.0685185
0 0.909896 0.199074 0.0489583 0.0722222
0 0.977604 0.217593 0.0447917 0.0759259
0 0.496354 0.275926 0.0864583 0.0888889
0 0.832292 0.546296 0.1 0.181481
0 0.215625 0.878704 0.264583 0.238889
0 0.251563 0.347222 0.111458 0.109259
