0 0.253646 0.187963 0.015625 0.0240741
0 0.604167 0.242593 0.0416667 0.037037
0 0.289583 0.168519 0.0229167 0.0333333
0 0.0270833 0.37037 0.0520833 0.0851852
0 0.917188 0.32963 0.103125 0.0703704
0 0.225521 0.205556 0.0239583 0.0407407
0 0.653125 0.250926 0.0541667 0.0462963
0 0.561979 0.22963 0.0489583 0.037037
0 0.296875 0.286111 0.04375 0.0685185
0 0.0479167 0.289815 0.0333333 0.0611111
0 0.713542 0.262963 0.0708333 0.0592593
0 0.314063 0.25 0.0447917 0.0555556
0 0.209375 0.226852 0.0333333 0.0388889
0 0.832292 0.305556 0.0770833 0.0592593
0 0.0369792 0.225926 0.0239583 0.0407407
0 0.517708 0.277778 0.0666667 0.0592593
0 0.883333 0.658333 0.164583 0.194444
0 0.825521 0.391667 0.115625 0.087037
