0 0.9875 0.12037 0.025 0.0555556
0 0.495833 0.0851852 0.0229167 0.0407407
0 0.273958 0.157407 0.0416667 0.0481481
0 0.854167 0.130556 0.0604167 0.0574074
0 0.941146 0.180556 0.0635417 0.0685185
0 0.460938 0.108333 0.034375 0.0722222
0 0.290625 0.148148 0.03125 0.0481481
0 0.525 0.0685185 0.0208333 0.0333333
0 0.990104 0.227778 0.0197917 0.0444444
0 0.950521 0.134259 0.0760417 0.0648148
0 0.263021 0.167593 0.0322917 0.05
0 0.239063 0.186111 0.040625 0.0537037
0 0.0635417 0.334259 0.0354167 0.0796296
0 0.486458 0.131481 0.0333333 0.0555556
0 0.525 0.140741 0.03125 0.0518519
0 0.608333 0.215741 0.05 0.0833333
0 0.15625 0.197222 0.0479167 0.0611111
0 0.921354 0.748148 0.155208 0.296296
0 0.735937 0.205556 0.0427083 0.0740741
0 0.332812 0.225926 0.0510417 0.0740741
0 0.125521 0.271296 0.0510417 0.0722222
0 0.203125 0.205556 0.0583333 0.062963
0 0.970833 0.199074 0.0583333 0.0722222
0 0.509375 0.200926 0.0416667 0.0685185
0 0.0921875 0.302778 0.0697917 0.0833333
0 0.713542 0.287963 0.0666667 0.105556
0 0.620833 0.284259 0.0604167 0.105556
0 0.488542 0.315741 0.0666667 0.109259
0 0.386458 0.326852 0.0666667 0.0981481
0 0.807813 0.461111 0.113542 0.151852
