0 0.936458 0.12963 0.0208333 0.0333333
0 0.009375 0.103704 0.01875 0.0259259
0 0.965625 0.101852 0.0166667 0.0259259
0 0.709896 0.140741 0.0260417 0.0296296
0 0.680729 0.217593 0.0385417 0.0462963
0 0.691667 0.177778 0.0291667 0.0333333
0 0.0776042 0.1 0.0885417 0.0407407
0 0.816146 0.19537 0.0322917 0.0425926
0 0.966667 0.146296 0.0229167 0.0333333
0 0.638542 0.164815 0.03125 0.0333333
0 0.830208 0.473148 0.0729167 0.138889
0 0.540104 0.233333 0.046875 0.0666667
0 0.838021 0.237037 0.0385417 0.0555556
0 0.969792 0.483333 0.0604167 0.118519
0 0.764063 0.262963 0.046875 0.0592593
0 0.502604 0.877778 0.217708 0.233333
0 0.267708 0.463889 0.120833 0.12037
