0 0.15625 0.206481 0.05 0.0611111
0 0.2625 0.178704 0.0375 0.05
0 0.0885417 0.310185 0.06875 0.087037
0 0.203646 0.213889 0.0572917 0.0611111
0 0.991667 0.240741 0.0166667 0.0444444
0 0.948438 0.147222 0.071875 0.0648148
0 0.858854 0.14537 0.0510417 0.0537037
0 0.939583 0.191667 0.0583333 0.0648148
0 0.477083 0.143519 0.03125 0.0462963
0 0.523958 0.152778 0.03125 0.05
0 0.645833 0.158333 0.0416667 0.0796296
0 0.411979 0.176852 0.034375 0.0574074
0 0.452604 0.211111 0.0447917 0.0703704
0 0.970833 0.212037 0.0583333 0.0685185
0 0.680208 0.210185 0.0520833 0.0907407
0 0.377604 0.256481 0.0572917 0.0833333
0 0.771875 0.381481 0.08125 0.122222
0 0.502083 0.327778 0.0645833 0.107407
0 0.407813 0.314815 0.0635417 0.0962963
0 0.204688 0.518519 0.109375 0.155556
0 0.248437 0.809259 0.186458 0.355556
0 0.279687 0.575 0.123958 0.157407
