0 0.609375 0.0555556 0.0145833 0.0259259
0 0.40625 0.114815 0.0270833 0.0481481
0 0.666146 0.10463 0.0239583 0.0351852
0 0.628125 0.122222 0.0291667 0.0444444
0 0.529688 0.14537 0.0302083 0.0462963
0 0.6875 0.15463 0.0333333 0.0462963
0 0.480729 0.149074 0.0302083 0.0462963
0 0.426042 0.153704 0.0354167 0.0555556
0 0.655208 0.197222 0.0458333 0.087037
0 0.480208 0.306481 0.0520833 0.116667
0 0.407813 0.285185 0.0510417 0.0814815
0 0.227604 0.305556 0.0635417 0.0777778
0 0.975521 0.539815 0.0489583 0.135185
0 0.896875 0.252778 0.05625 0.0685185
0 0.694792 0.412037 0.06875 0.105556
0 0.263542 0.378704 0.075 0.101852
0 0.0921875 0.581481 0.128125 0.159259
0 0.402604 0.475 0.078125 0.135185
