0 0.158854 0.200926 0.0552083 0.0648148
0 0.264583 0.171296 0.0354167 0.05
0 0.205208 0.210185 0.0583333 0.0611111
0 0.653125 0.0777778 0.025 0.037037
0 0.0916667 0.300926 0.0729167 0.0796296
0 0.950521 0.139815 0.0760417 0.0611111
0 0.859375 0.138889 0.05 0.0555556
0 0.491146 0.113889 0.028125 0.0425926
0 0.990104 0.235185 0.0197917 0.0407407
0 0.640104 0.143519 0.0364583 0.0648148
0 0.940104 0.186111 0.0614583 0.0648148
0 0.404167 0.192593 0.0395833 0.0592593
0 0.520312 0.171296 0.034375 0.0574074
0 0.471354 0.153704 0.034375 0.0518519
0 0.739583 0.309259 0.0666667 0.1
0 0.442708 0.22963 0.0479167 0.0740741
0 0.669271 0.184259 0.046875 0.0833333
0 0.970833 0.207407 0.0583333 0.0666667
0 0.359375 0.287037 0.0645833 0.0962963
0 0.169271 0.926852 0.198958 0.142593
0 0.165104 0.592593 0.123958 0.188889
0 0.392188 0.350926 0.0739583 0.112963
0 0.488021 0.437963 0.090625 0.142593
0 0.199479 0.74537 0.171875 0.25
