0 0.858333 0.185185 0.0458333 0.037037
0 0.670313 0.252778 0.040625 0.0388889
0 0.983333 0.243519 0.0270833 0.0425926
0 0.640104 0.268519 0.0364583 0.0407407
0 0.607813 0.278704 0.0427083 0.0425926
0 0.959375 0.231481 0.0229167 0.0296296
0 0.267708 0.562963 0.145833 0.185185
0 0.569792 0.293519 0.0458333 0.0462963
0 0.920313 0.243519 0.028125 0.0314815
0 0.526563 0.308333 0.0489583 0.0425926
0 0.4125 0.346296 0.08125 0.0777778
0 0.169271 0.401852 0.059375 0.062963
0 0.252604 0.435185 0.101042 0.107407
0 0.70625 0.446296 0.0854167 0.1
0 0.604167 0.697222 0.1625 0.190741
