0 0.563021 0.0740741 0.078125 0.0444444
0 0.267708 0.105556 0.0395833 0.0592593
0 0.531771 0.0722222 0.0697917 0.0407407
0 0.868229 0.124074 0.0572917 0.0555556
0 0.0739583 0.1 0.0208333 0.0259259
0 0.417708 0.122222 0.0520833 0.0407407
0 0.130729 0.109259 0.0239583 0.0259259
0 0.513021 0.0657407 0.0635417 0.0425926
0 0.823958 0.121296 0.0520833 0.0574074
0 0.314063 0.10463 0.034375 0.0314815
0 0.046875 0.124074 0.0229167 0.0296296
0 0.892187 0.222222 0.103125 0.0666667
0 0.554167 0.142593 0.0645833 0.062963
0 0.760938 0.194444 0.071875 0.0777778
0 0.186979 0.140741 0.0322917 0.0407407
0 0.0208333 0.137037 0.025 0.0333333
0 0.596354 0.15463 0.0489583 0.05
0 0.0427083 0.175926 0.0333333 0.0481481
0 0.978646 0.126852 0.0427083 0.0759259
0 0.09375 0.240741 0.05 0.0666667
0 0.145833 0.347222 0.0875 0.116667
