0 0.993229 0.232407 0.0135417 0.0314815
0 0.966146 0.162963 0.015625 0.0259259
0 0.858333 0.176852 0.03125 0.0277778
0 0.672917 0.249074 0.0354167 0.0425926
0 0.933854 0.182407 0.015625 0.0277778
0 0.981771 0.262037 0.0302083 0.05
0 0.644271 0.262037 0.034375 0.0388889
0 0.917708 0.198148 0.0166667 0.0259259
0 0.416146 0.343519 0.0697917 0.0722222
0 0.6125 0.273148 0.0416667 0.0425926
0 0.575 0.289815 0.0458333 0.0462963
0 0.359375 0.375 0.075 0.0759259
0 0.532292 0.302778 0.05 0.0462963
0 0.175521 0.399074 0.059375 0.0648148
0 0.266667 0.414815 0.09375 0.0777778
