0 0.699479 0.119444 0.0239583 0.0351852
0 0.611458 0.102778 0.0229167 0.0462963
0 0.426042 0.125926 0.0291667 0.037037
0 0.792708 0.162963 0.03125 0.0444444
0 0.722396 0.150926 0.028125 0.0388889
0 0.436458 0.212037 0.0375 0.05
0 0.531771 0.112037 0.028125 0.05
0 0.485417 0.14537 0.0291667 0.0425926
0 0.632812 0.163889 0.028125 0.0425926
0 0.403125 0.144444 0.03125 0.0444444
0 0.667708 0.138889 0.0270833 0.0407407
0 0.53125 0.15463 0.0270833 0.0425926
0 0.642708 0.200926 0.0395833 0.0537037
0 0.404687 0.202778 0.034375 0.05
0 0.715625 0.22963 0.0416667 0.0703704
0 0.300521 0.240741 0.0447917 0.0592593
0 0.434896 0.261111 0.0427083 0.062963
0 0.829167 0.287963 0.05625 0.0759259
0 0.972917 0.369444 0.0541667 0.087037
0 0.794792 0.373148 0.0645833 0.0944444
0 0.6875 0.37963 0.0625 0.0962963
0 0.38125 0.609259 0.108333 0.203704
0 0.767708 0.563889 0.09375 0.138889
