0 0.611458 0.128704 0.0375 0.0425926
0 0.404687 0.0898148 0.0364583 0.0314815
0 0.0192708 0.238889 0.0385417 0.0444444
0 0.203125 0.169444 0.05 0.05
0 0.278646 0.136111 0.040625 0.0388889
0 0.45625 0.0731481 0.0458333 0.0388889
0 0.165625 0.162037 0.0270833 0.0388889
0 0.0307292 0.219444 0.059375 0.0611111
0 0.158854 0.196296 0.053125 0.0333333
0 0.105208 0.214815 0.0583333 0.0481481
0 0.942708 0.0259259 0.05 0.0518519
0 0.208333 0.49537 0.116667 0.0944444
0 0.982813 0.185185 0.034375 0.114815
0 0.59375 0.169444 0.0541667 0.0574074
0 0.544792 0.221296 0.0583333 0.0722222
0 0.170312 0.864815 0.269792 0.248148
0 0.891146 0.209259 0.0802083 0.0851852
