0 0.317187 0.155556 0.0322917 0.0407407
0 0.608333 0.0583333 0.0166667 0.0277778
0 0.986458 0.150926 0.0270833 0.0574074
0 0.307292 0.164815 0.025 0.0407407
0 0.95 0.162963 0.075 0.0592593
0 0.294792 0.169444 0.0291667 0.0388889
0 0.858854 0.162037 0.0510417 0.0537037
0 0.939062 0.207407 0.0614583 0.0666667
0 0.236979 0.216667 0.0385417 0.0481481
0 0.573958 0.0833333 0.0166667 0.037037
0 0.259896 0.202778 0.0302083 0.0537037
0 0.641667 0.105556 0.0208333 0.0333333
0 0.0625 0.364815 0.0333333 0.0740741
0 0.124479 0.298148 0.053125 0.0703704
0 0.631771 0.15463 0.0322917 0.0537037
0 0.158854 0.222222 0.065625 0.0703704
0 0.970312 0.231481 0.059375 0.0666667
0 0.0890625 0.331481 0.0697917 0.0814815
0 0.203125 0.237037 0.0583333 0.0592593
0 0.653646 0.197222 0.0385417 0.0611111
0 0.711458 0.327778 0.0645833 0.0962963
0 0.410417 0.292593 0.0645833 0.111111
0 0.609375 0.248148 0.05 0.0740741
