0 0.565625 0.0731481 0.0791667 0.0462963
0 0.596354 0.151852 0.0489583 0.0444444
0 0.905729 0.22963 0.115625 0.0814815
0 0.378646 0.113889 0.040625 0.0388889
0 0.0713542 0.0972222 0.0197917 0.0240741
0 0.0192708 0.0990741 0.0177083 0.0277778
0 0.555729 0.144444 0.065625 0.062963
0 0.865625 0.123148 0.0604167 0.0574074
0 0.419271 0.12037 0.053125 0.0407407
0 0.127083 0.106481 0.0229167 0.0277778
0 0.516667 0.0657407 0.06875 0.0425926
0 0.824479 0.12037 0.053125 0.0592593
0 0.313542 0.10463 0.0333333 0.0314815
0 0.0515625 0.130556 0.021875 0.0314815
0 0.0239583 0.141667 0.025 0.0351852
0 0.177083 0.134259 0.0291667 0.0388889
0 0.046875 0.185185 0.03125 0.0518519
0 0.756771 0.193519 0.084375 0.0759259
0 0.979167 0.125926 0.0416667 0.0777778
0 0.172917 0.374074 0.0958333 0.137037
0 0.104687 0.250926 0.053125 0.0722222
0 0.931771 0.473148 0.136458 0.205556
