0 0.971875 0.126852 0.05625 0.0722222
0 0.726042 0.187037 0.0520833 0.0703704
0 0.229687 0.153704 0.0510417 0.0444444
0 0.392188 0.0907407 0.046875 0.037037
0 0.611979 0.144444 0.0552083 0.0592593
0 0.980208 0.184259 0.0395833 0.0685185
0 0.173438 0.17963 0.065625 0.0555556
0 0.851562 0.314815 0.105208 0.1
0 0.388021 0.364815 0.0885417 0.0740741
0 0.577083 0.455556 0.166667 0.207407
0 0.040625 0.583333 0.08125 0.103704
0 0.0671875 0.934259 0.134375 0.127778
0 0.845312 0.422222 0.121875 0.140741
0 0.436979 0.785185 0.230208 0.237037
