0 0.41875 0.0833333 0.0354167 0.0333333
0 0.792188 0.0314815 0.0427083 0.0481481
0 0.440104 0.0759259 0.0302083 0.0296296
0 0.765104 0.0787037 0.0489583 0.0462963
0 0.285937 0.127778 0.053125 0.0444444
0 0.609375 0.346296 0.177083 0.140741
0 0.175 0.175 0.0729167 0.0648148
0 0.39375 0.301852 0.0854167 0.125926
0 0.942187 0.0305556 0.040625 0.0537037
0 0.0171875 0.236111 0.034375 0.05
0 0.0333333 0.212963 0.0645833 0.0555556
0 0.752083 0.175 0.0479167 0.0722222
0 0.425 0.334259 0.0833333 0.0759259
0 0.632812 0.135185 0.0510417 0.0518519
0 0.973958 0.148148 0.0520833 0.0777778
0 0.325 0.341667 0.0666667 0.0722222
0 0.843229 0.282407 0.103125 0.101852
0 0.244271 0.908333 0.290625 0.183333
0 0.568229 0.512037 0.155208 0.153704
