0 0.407813 0.649074 0.290625 0.598148
0 0.309375 0.140741 0.0416667 0.0555556
0 0.988542 0.0972222 0.0229167 0.0462963
0 0.294271 0.161111 0.0447917 0.0592593
0 0.720312 0.0685185 0.0364583 0.0518519
0 0.424479 0.0611111 0.0260417 0.0444444
0 0.967708 0.0814815 0.0541667 0.0555556
0 0.600521 0.0555556 0.028125 0.0481481
0 0.573958 0.0990741 0.0354167 0.0574074
0 0.824479 0.108333 0.0510417 0.0611111
0 0.542708 0.0472222 0.0270833 0.0388889
0 0.382292 0.102778 0.0541667 0.0685185
0 0.23125 0.228704 0.0645833 0.0685185
0 0.0380208 0.513889 0.0760417 0.187037
0 0.266146 0.2 0.0552083 0.0777778
0 0.7625 0.35 0.1125 0.207407
0 0.195833 0.282407 0.0645833 0.0981481
0 0.792188 0.215741 0.0760417 0.101852
0 0.59375 0.181481 0.0520833 0.0851852
0 0.146875 0.336111 0.09375 0.127778
0 0.609375 0.265741 0.0666667 0.112963
0 0.947917 0.289815 0.104167 0.112963
0 0.659896 0.55 0.115625 0.218519
0 0.9125 0.803704 0.175 0.351852
