0 0.178646 0.124074 0.0385417 0.0555556
0 0.0177083 0.0925926 0.0333333 0.0444444
0 0.992188 0.447222 0.015625 0.0611111
0 0.507812 0.109259 0.053125 0.0518519
0 0.638542 0.287037 0.0833333 0.0777778
0 0.0348958 0.15 0.040625 0.0592593
0 0.240625 0.259259 0.0645833 0.114815
0 0.698958 0.268519 0.0979167 0.0851852
0 0.532812 0.187963 0.078125 0.0796296
0 0.6 0.173148 0.06875 0.0722222
0 0.114063 0.261111 0.0572917 0.0851852
0 0.35625 0.274074 0.0854167 0.114815
0 0.172396 0.410185 0.084375 0.135185
0 0.155729 0.759259 0.146875 0.27037
0 0.779167 0.651852 0.214583 0.233333
0 0.688542 0.840741 0.225 0.296296
