0 0.596875 0.169444 0.0208333 0.0277778
0 0.527604 0.183333 0.0177083 0.0222222
0 0.672917 0.386111 0.120833 0.0796296
0 0.495833 0.190741 0.0125 0.0222222
0 0.320312 0.264815 0.0364583 0.0407407
0 0.507812 0.2 0.0177083 0.0222222
0 0.878125 0.32963 0.0333333 0.0518519
0 0.651563 0.258333 0.0260417 0.0388889
0 0.954687 0.382407 0.0635417 0.0685185
0 0.591667 0.206481 0.01875 0.0314815
0 0.982813 0.403704 0.034375 0.0703704
0 0.639583 0.226852 0.025 0.0314815
0 0.913021 0.349074 0.0572917 0.0611111
0 0.225 0.337037 0.0520833 0.062963
0 0.668229 0.288889 0.0364583 0.0518519
0 0.482812 0.248148 0.028125 0.0444444
0 0.444271 0.331481 0.040625 0.062963
0 0.4625 0.37037 0.0479167 0.0777778
0 0.709896 0.373148 0.053125 0.0722222
0 0.640104 0.405556 0.0552083 0.0851852
