0 0.335417 0.0675926 0.0270833 0.0462963
0 0.853125 0.0712963 0.0541667 0.0462963
0 0.303646 0.128704 0.046875 0.0722222
0 0.378125 0.0388889 0.0375 0.0407407
0 0.877604 0.0268519 0.0489583 0.0462963
0 0.304688 0.062037 0.0385417 0.05
0 0.986979 0.0805556 0.0260417 0.05
0 0.945312 0.0222222 0.040625 0.0444444
0 0.292708 0.143519 0.05 0.0648148
0 0.983333 0.0185185 0.0333333 0.037037
0 0.450521 0.0694444 0.0697917 0.0425926
0 0.261979 0.174074 0.059375 0.0740741
0 0.227604 0.217593 0.0635417 0.087037
0 0.193229 0.260185 0.065625 0.0981481
0 0.967188 0.0657407 0.053125 0.0537037
0 0.0348958 0.489815 0.0697917 0.187037
0 0.144271 0.315741 0.096875 0.127778
