0 0.85625 0.163889 0.06875 0.0537037
0 0.608854 0.205556 0.0302083 0.0592593
0 0.819271 0.162963 0.0552083 0.062963
0 0.0578125 0.189815 0.0260417 0.0314815
0 0.192188 0.185185 0.0364583 0.0407407
0 0.313542 0.150926 0.0375 0.0351852
0 0.0369792 0.213889 0.0302083 0.0425926
0 0.506771 0.111111 0.0614583 0.0444444
0 0.103125 0.222222 0.0395833 0.0481481
0 0.975 0.167593 0.05 0.0833333
0 0.0682292 0.248148 0.0385417 0.0555556
0 0.747917 0.234259 0.0875 0.0722222
0 0.336979 0.255556 0.0677083 0.0666667
0 0.519792 0.336111 0.11875 0.0981481
0 0.208333 0.390741 0.0770833 0.111111
0 0.432813 0.351852 0.0989583 0.0888889
0 0.617708 0.676852 0.208333 0.268519
