0 0.596354 0.0342593 0.0197917 0.0277778
0 0.259375 0.232407 0.102083 0.0611111
0 0.354167 0.175 0.0395833 0.0537037
0 0.369792 0.155556 0.0395833 0.0481481
0 0.575521 0.0805556 0.021875 0.0351852
0 0.571875 0.0416667 0.0208333 0.0351852
0 0.242708 0.290741 0.05 0.0814815
0 0.777604 0.137037 0.034375 0.0703704
0 0.627083 0.139815 0.0395833 0.0796296
0 0.543229 0.132407 0.034375 0.0574074
0 0.220313 0.325 0.071875 0.0944444
0 0.0802083 0.486111 0.0895833 0.138889
0 0.575 0.199074 0.0416667 0.0685185
0 0.179167 0.37037 0.08125 0.111111
0 0.0375 0.557407 0.075 0.174074
0 0.128646 0.424074 0.0885417 0.122222
0 0.736458 0.375 0.08125 0.124074
0 0.402604 0.244444 0.126042 0.0888889
0 0.609375 0.331481 0.0708333 0.107407
0 0.719271 0.837963 0.161458 0.312963
