0 0.369271 0.124074 0.0510417 0.0555556
0 0.0239583 0.037037 0.0208333 0.037037
0 0.0760417 0.0972222 0.03125 0.0462963
0 0.065625 0.0416667 0.0208333 0.0277778
0 0.596354 0.962963 0.180208 0.0666667
0 0.422917 0.113889 0.0520833 0.0537037
0 0.45625 0.199074 0.0604167 0.05
0 0.0484375 0.140741 0.0364583 0.0666667
0 0.0494792 0.0814815 0.028125 0.0444444
0 0.39375 0.158333 0.0583333 0.0537037
0 0.5875 0.175926 0.0770833 0.0888889
0 0.127083 0.149074 0.0416667 0.0574074
0 0.346354 0.292593 0.0739583 0.0962963
0 0.684375 0.182407 0.075 0.0648148
0 0.130729 0.305556 0.0677083 0.0962963
0 0.855729 0.287963 0.130208 0.109259
0 0.842708 0.707407 0.227083 0.255556
