0 0.860417 0.337037 0.0604167 0.0703704
0 0.686458 0.271296 0.0291667 0.0314815
0 0.705208 0.230556 0.01875 0.0203704
0 0.490104 0.241667 0.0239583 0.0388889
0 0.975521 0.286111 0.0489583 0.0425926
0 0.467187 0.235185 0.021875 0.0296296
0 0.248437 0.333333 0.046875 0.0592593
0 0.832812 0.338889 0.0760417 0.0740741
0 0.281771 0.293519 0.0385417 0.0611111
0 0.334375 0.261111 0.0416667 0.0518519
0 0.438542 0.289815 0.0333333 0.0425926
0 0.405208 0.42963 0.0604167 0.103704
0 0.464063 0.512963 0.0697917 0.12963
0 0.294792 0.492593 0.0854167 0.114815
