0 0.452083 0.236111 0.0479167 0.0425926
0 0.795833 0.318519 0.108333 0.0666667
0 0.986979 0.497222 0.0260417 0.05
0 0.602083 0.262963 0.0666667 0.0592593
0 0.915625 0.348148 0.09375 0.062963
0 0.721875 0.298148 0.08125 0.0555556
0 0.176563 0.212037 0.040625 0.0425926
0 0.0583333 0.230556 0.0270833 0.0314815
0 0.104167 0.235185 0.0354167 0.037037
0 0.257812 0.242593 0.0447917 0.037037
0 0.186458 0.268519 0.0479167 0.0555556
0 0.131771 0.937963 0.261458 0.116667
0 0.474479 0.297222 0.071875 0.0574074
0 0.694792 0.37037 0.1125 0.0851852
0 0.967188 0.769444 0.065625 0.194444
0 0.432292 0.468519 0.13125 0.125926
