0 0.552083 0.193519 0.0625 0.131481
0 0.0364583 0.0490741 0.025 0.0314815
0 0.196875 0.140741 0.0416667 0.0592593
0 0.471354 0.0981481 0.0489583 0.0518519
0 0.0229167 0.103704 0.0333333 0.0481481
0 0.0453125 0.169444 0.0447917 0.0648148
0 0.561979 0.249074 0.0697917 0.0648148
0 0.546875 0.153704 0.0583333 0.062963
0 0.489062 0.17037 0.071875 0.0740741
0 0.280208 0.303704 0.0729167 0.12963
0 0.632292 0.240741 0.0854167 0.0740741
0 0.134375 0.299074 0.0666667 0.0944444
0 0.927083 0.836111 0.145833 0.261111
0 0.407292 0.321296 0.1 0.131481
0 0.217187 0.882407 0.190625 0.231481
0 0.215104 0.493519 0.101042 0.164815
0 0.929167 0.388889 0.141667 0.118519
