0 0.408854 0.164815 0.040625 0.037037
0 0.818229 0.156481 0.0572917 0.0648148
0 0.101042 0.153704 0.0208333 0.0259259
0 0.200521 0.186111 0.0385417 0.0388889
0 0.510938 0.108333 0.0677083 0.0425926
0 0.974479 0.158333 0.0510417 0.0907407
0 0.0338542 0.194444 0.0260417 0.0407407
0 0.892708 0.255556 0.102083 0.0777778
0 0.0109375 0.206481 0.021875 0.0648148
0 0.0505208 0.230556 0.0302083 0.0462963
0 0.245312 0.202778 0.0427083 0.0537037
0 0.590625 0.197222 0.0479167 0.0574074
0 0.115104 0.233333 0.034375 0.0592593
0 0.223958 0.236111 0.0458333 0.05
0 0.747917 0.225926 0.0875 0.0740741
0 0.924479 0.462963 0.151042 0.155556
0 0.0708333 0.262037 0.0375 0.0574074
0 0.226562 0.326852 0.0635417 0.0796296
0 0.657812 0.47037 0.184375 0.122222
0 0.4 0.273148 0.0833333 0.0833333
0 0.183854 0.4 0.0760417 0.111111
