0 0.372396 0.112037 0.0385417 0.05
0 0.958854 0.0925926 0.0447917 0.0555556
0 0.364062 0.123148 0.034375 0.05
0 0.930729 0.0759259 0.0322917 0.0407407
0 0.233854 0.185185 0.0447917 0.062963
0 0.329167 0.262037 0.0333333 0.0796296
0 0.292708 0.190741 0.0604167 0.062963
0 0.34375 0.151852 0.0354167 0.0555556
0 0.325521 0.169444 0.0364583 0.0574074
0 0.0317708 0.526852 0.0635417 0.168519
0 0.213542 0.291667 0.075 0.087037
0 0.233333 0.262963 0.0520833 0.0814815
0 0.529688 0.0777778 0.0302083 0.0555556
0 0.0708333 0.456481 0.0916667 0.131481
0 0.733854 0.14537 0.0489583 0.0722222
0 0.170833 0.343519 0.0791667 0.112963
0 0.8375 0.196296 0.0604167 0.0740741
0 0.120312 0.396296 0.090625 0.122222
0 0.575 0.284259 0.0666667 0.101852
0 0.572396 0.793519 0.151042 0.298148
