0 0.867188 0.261111 0.0614583 0.0481481
0 0.104167 0.237037 0.0291667 0.0592593
0 0.234896 0.273148 0.0447917 0.0685185
0 0.0854167 0.842593 0.16875 0.303704
0 0.195833 0.312037 0.04375 0.0685185
0 0.588542 0.296296 0.0833333 0.0740741
0 0.95625 0.414815 0.0875 0.125926
0 0.766146 0.347222 0.126042 0.12037
0 0.725 0.459259 0.152083 0.114815
0 0.292708 0.381481 0.0729167 0.0925926
0 0.203646 0.382407 0.065625 0.0907407
0 0.556771 0.381481 0.109375 0.103704
0 0.952083 0.737963 0.0958333 0.164815
0 0.779167 0.571296 0.16875 0.201852
0 0.920313 0.564815 0.159375 0.196296
0 0.471875 0.467593 0.14375 0.124074
0 0.571875 0.600926 0.160417 0.175926
0 0.805208 0.77037 0.277083 0.348148
0 0.533854 0.741667 0.184375 0.268519
