0 0.775521 0.15 0.105208 0.0666667
0 0.376042 0.113889 0.0375 0.05
0 0.297917 0.186111 0.0583333 0.0648148
0 0.364583 0.124074 0.0354167 0.0481481
0 0.238542 0.181481 0.0395833 0.062963
0 0.330729 0.168519 0.040625 0.0592593
0 0.350521 0.147222 0.0385417 0.0574074
0 0.708333 0.0583333 0.025 0.0388889
0 0.239063 0.259259 0.0510417 0.0814815
0 0.668229 0.0157407 0.021875 0.0277778
0 0.692708 0.0324074 0.0270833 0.0425926
0 0.557292 0.00833333 0.01875 0.0166667
0 0.21875 0.294444 0.0729167 0.0962963
0 0.823958 0.118519 0.04375 0.0592593
0 0.729167 0.0731481 0.03125 0.0537037
0 0.075 0.456481 0.0916667 0.135185
0 0.730208 0.94537 0.16875 0.105556
0 0.746354 0.15 0.046875 0.0666667
0 0.0359375 0.526852 0.071875 0.17963
0 0.806771 0.149074 0.0489583 0.0648148
0 0.127083 0.393519 0.0895833 0.127778
0 0.176563 0.340741 0.0802083 0.111111
0 0.940625 0.275 0.0854167 0.101852
