0 0.39375 0.267593 0.185417 0.235185
0 0.221354 0.217593 0.053125 0.0944444
0 0.517187 0.272222 0.0802083 0.107407
0 0.765625 0.253704 0.13125 0.114815
0 0.941146 0.328704 0.117708 0.146296
0 0.301562 0.29537 0.0760417 0.105556
0 0.951563 0.494444 0.096875 0.17037
0 0.807292 0.406481 0.164583 0.12037
0 0.361458 0.348148 0.0770833 0.103704
0 0.629687 0.338889 0.126042 0.122222
0 0.835417 0.521296 0.179167 0.216667
0 0.965625 0.655556 0.06875 0.151852
0 0.65 0.444444 0.166667 0.144444
0 0.436458 0.410185 0.114583 0.131481
0 0.828125 0.693519 0.277083 0.338889
0 0.593229 0.525 0.159375 0.175926
