0 0.639063 0.122222 0.0322917 0.0555556
0 0.861458 0.139815 0.05 0.0574074
0 0.685938 0.124074 0.0322917 0.0481481
0 0.435417 0.175926 0.0375 0.0592593
0 0.953646 0.138889 0.078125 0.0592593
0 0.454688 0.106481 0.0260417 0.0388889
0 0.478125 0.132407 0.0291667 0.0462963
0 0.942187 0.185185 0.0635417 0.062963
0 0.442708 0.214815 0.0479167 0.0814815
0 0.990625 0.234259 0.01875 0.0425926
0 0.065625 0.338889 0.0333333 0.0777778
0 0.128125 0.272222 0.0520833 0.0703704
0 0.230729 0.259259 0.0572917 0.0777778
0 0.160417 0.201852 0.0479167 0.0592593
0 0.666667 0.196296 0.0479167 0.0703704
0 0.728125 0.183333 0.0458333 0.0666667
0 0.339063 0.268519 0.0510417 0.0814815
0 0.0932292 0.306481 0.0697917 0.087037
0 0.971875 0.207407 0.05625 0.0666667
0 0.496354 0.243519 0.0489583 0.0796296
0 0.169792 0.912963 0.197917 0.166667
0 0.74375 0.330556 0.0708333 0.0981481
0 0.509375 0.337963 0.0708333 0.112963
0 0.443229 0.531482 0.0989583 0.17037
0 0.835417 0.559259 0.1375 0.17037
