0 0.990104 0.236111 0.0197917 0.05
0 0.95 0.139815 0.0729167 0.0611111
0 0.941146 0.186111 0.0635417 0.0648148
0 0.292708 0.156481 0.0270833 0.0462963
0 0.623958 0.0583333 0.01875 0.0277778
0 0.272396 0.169444 0.0364583 0.0462963
0 0.855729 0.138889 0.0572917 0.0592593
0 0.526042 0.0888889 0.0229167 0.0407407
0 0.282292 0.162963 0.0270833 0.0444444
0 0.0640625 0.343519 0.0322917 0.0796296
0 0.505729 0.0638889 0.0239583 0.0425926
0 0.601562 0.0759259 0.028125 0.0444444
0 0.198437 0.221296 0.0489583 0.0462963
0 0.615625 0.193519 0.0416667 0.0611111
0 0.970833 0.208333 0.0583333 0.0685185
0 0.261458 0.178704 0.0333333 0.05
0 0.240104 0.193519 0.0385417 0.05
0 0.127083 0.275 0.0541667 0.0722222
0 0.480729 0.111111 0.0260417 0.0407407
0 0.157813 0.20463 0.0489583 0.0611111
0 0.0916667 0.310185 0.0729167 0.087037
0 0.419792 0.148148 0.0333333 0.0518519
0 0.284896 0.563889 0.132292 0.268519
0 0.635417 0.32963 0.0645833 0.1
0 0.659896 0.473148 0.0927083 0.146296
0 0.873958 0.64537 0.15625 0.201852
