0 0.983854 0.237963 0.0322917 0.0907407
0 0.448958 0.0981481 0.0270833 0.0444444
0 0.465104 0.0638889 0.021875 0.0351852
0 0.2625 0.149074 0.0395833 0.05
0 0.627604 0.1 0.028125 0.0518519
0 0.855729 0.116667 0.053125 0.0555556
0 0.429688 0.128704 0.0302083 0.05
0 0.059375 0.32037 0.0333333 0.0703704
0 0.196354 0.190741 0.046875 0.0592593
0 0.9375 0.162037 0.0625 0.0648148
0 0.514063 0.137037 0.040625 0.0740741
0 0.152083 0.180556 0.0479167 0.0648148
0 0.0854167 0.285185 0.06875 0.0814815
0 0.122917 0.253704 0.0520833 0.0703704
0 0.627604 0.338889 0.0822917 0.159259
0 0.734896 0.166667 0.046875 0.0666667
0 0.96875 0.187037 0.0625 0.0666667
0 0.459896 0.156481 0.0385417 0.0611111
0 0.508333 0.186111 0.0416667 0.0685185
0 0.401042 0.266667 0.0604167 0.0888889
0 0.385938 0.386111 0.078125 0.124074
0 0.503125 0.369444 0.075 0.124074
0 0.822917 0.502778 0.133333 0.190741
0 0.740104 0.325926 0.078125 0.107407
0 0.271875 0.627778 0.141667 0.222222
