0 0.103125 0.838889 0.175 0.311111
0 0.166667 0.25463 0.0354167 0.0611111
0 0.235938 0.303704 0.0447917 0.0703704
0 0.205208 0.256481 0.0520833 0.0944444
0 0.608333 0.257407 0.102083 0.0925926
0 0.507292 0.317593 0.0770833 0.101852
0 0.720833 0.29537 0.110417 0.105556
0 0.285937 0.337963 0.0739583 0.105556
0 0.758333 0.448148 0.152083 0.133333
0 0.808854 0.389815 0.148958 0.127778
0 0.617188 0.385185 0.126042 0.122222
0 0.819792 0.563889 0.177083 0.22037
0 0.346354 0.389815 0.0760417 0.105556
0 0.957292 0.703704 0.0854167 0.155556
0 0.909375 0.37037 0.141667 0.118519
0 0.943229 0.540741 0.113542 0.177778
0 0.634896 0.490741 0.167708 0.144444
0 0.422917 0.452778 0.114583 0.135185
0 0.811979 0.737037 0.278125 0.340741
0 0.578646 0.57037 0.159375 0.174074
