0 0.00625 0.864815 0.0125 0.0925926
0 0.672396 0.193519 0.0260417 0.0277778
0 0.536458 0.213889 0.01875 0.0240741
0 0.869792 0.325926 0.0583333 0.0481481
0 0.0822917 0.633333 0.09375 0.111111
0 0.329688 0.269444 0.0239583 0.0388889
0 0.774479 0.282407 0.0427083 0.0462963
0 0.985937 0.407407 0.028125 0.0666667
0 0.855208 0.309259 0.0354167 0.0592593
0 0.504167 0.22037 0.0166667 0.0185185
0 0.602604 0.212037 0.0177083 0.0277778
0 0.884375 0.334259 0.0416667 0.05
0 0.228646 0.342593 0.0489583 0.0592593
0 0.573958 0.221296 0.01875 0.0277778
0 0.964583 0.384259 0.0666667 0.0685185
0 0.588542 0.275926 0.0270833 0.0444444
0 0.91875 0.355556 0.05625 0.0666667
