0 0.990625 0.422222 0.01875 0.0518519
0 0.866667 0.319444 0.0395833 0.0648148
0 0.513542 0.181481 0.01875 0.0333333
0 0.575 0.17963 0.0208333 0.0333333
0 0.899479 0.341667 0.0489583 0.0537037
0 0.833333 0.293519 0.03125 0.0425926
0 0.232812 0.349074 0.0677083 0.0648148
0 0.65625 0.232407 0.0270833 0.0314815
0 0.540625 0.25 0.0270833 0.0333333
0 0.970312 0.391667 0.059375 0.0796296
0 0.503125 0.253704 0.0270833 0.0444444
0 0.929167 0.371296 0.0541667 0.0722222
0 0.485938 0.506481 0.0677083 0.12037
0 0.364583 0.924074 0.145833 0.148148
0 0.291667 0.681481 0.1125 0.185185
