0 0.604167 0.0722222 0.0166667 0.0259259
0 0.727083 0.101852 0.0208333 0.0296296
0 0.452083 0.12963 0.0291667 0.0666667
0 0.722396 0.143519 0.028125 0.0388889
0 0.621875 0.115741 0.0270833 0.0388889
0 0.671354 0.130556 0.0260417 0.0425926
0 0.784896 0.162037 0.034375 0.0425926
0 0.506771 0.166667 0.0322917 0.0444444
0 0.509375 0.212963 0.0375 0.0592593
0 0.392708 0.19537 0.0333333 0.0537037
0 0.703646 0.177778 0.0302083 0.0518519
0 0.725 0.206481 0.0354167 0.0537037
0 0.441667 0.205556 0.0395833 0.062963
0 0.321875 0.228704 0.0479167 0.0648148
0 0.638021 0.175926 0.0322917 0.0481481
0 0.928646 0.319444 0.0697917 0.0833333
0 0.423438 0.264815 0.046875 0.0666667
0 0.760417 0.321296 0.0583333 0.087037
0 0.484375 0.305556 0.0520833 0.0851852
0 0.316146 0.331481 0.0614583 0.0814815
0 0.718229 0.518519 0.0947917 0.162963
0 0.956771 0.473148 0.0864583 0.109259
0 0.169792 0.589815 0.122917 0.157407
0 0.94375 0.721296 0.1125 0.17963
0 0.135937 0.857407 0.171875 0.259259
