0 0.623438 0.143519 0.021875 0.0351852
0 0.983333 0.959259 0.0333333 0.0740741
0 0.452604 0.147222 0.0239583 0.0314815
0 0.670313 0.144444 0.021875 0.0444444
0 0.381771 0.181481 0.0302083 0.0518519
0 0.521354 0.192593 0.0260417 0.062963
0 0.535937 0.155556 0.0239583 0.0407407
0 0.697917 0.20463 0.0333333 0.0648148
0 0.490104 0.15 0.0260417 0.0407407
0 0.925 0.434259 0.0854167 0.135185
0 0.633333 0.191667 0.03125 0.05
0 0.658854 0.257407 0.0447917 0.0592593
0 0.968229 0.358333 0.0635417 0.087037
0 0.744271 0.294444 0.0510417 0.0703704
0 0.808854 0.285185 0.0489583 0.0666667
0 0.430729 0.262963 0.040625 0.0851852
0 0.663542 0.35 0.0583333 0.0851852
0 0.436979 0.461111 0.0635417 0.155556
0 0.828646 0.496296 0.0989583 0.144444
0 0.366146 0.406481 0.0677083 0.101852
0 0.159896 0.542593 0.0947917 0.140741
0 0.709375 0.507407 0.0729167 0.118519
