0 0.927604 0.221296 0.0635417 0.0648148
0 0.902604 0.124074 0.028125 0.0407407
0 0.272917 0.223148 0.04375 0.0537037
0 0.161458 0.364815 0.0375 0.0962963
0 0.95625 0.15 0.0395833 0.0481481
0 0.380729 0.197222 0.0447917 0.0611111
0 0.698438 0.0731481 0.0177083 0.0351852
0 0.234896 0.324074 0.034375 0.0851852
0 0.251563 0.284259 0.0447917 0.0574074
0 0.5875 0.151852 0.0270833 0.037037
0 0.566667 0.102778 0.01875 0.0277778
0 0.5625 0.146296 0.025 0.0407407
0 0.605208 0.136111 0.0291667 0.0425926
0 0.976562 0.161111 0.046875 0.0555556
0 0.0223958 0.49537 0.0447917 0.087037
0 0.592188 0.188889 0.0364583 0.0555556
0 0.332292 0.239815 0.0666667 0.0648148
0 0.640625 0.168519 0.0333333 0.0518519
0 0.0625 0.449074 0.08125 0.0907407
0 0.278646 0.337037 0.0635417 0.0962963
0 0.121875 0.407407 0.08125 0.103704
0 0.583333 0.237037 0.0416667 0.0703704
0 0.563542 0.316667 0.0583333 0.0925926
0 0.470833 0.286111 0.0791667 0.0759259
0 0.351042 0.719444 0.141667 0.242593
