0 0.991146 0.180556 0.0177083 0.05
0 0.810417 0.171296 0.0333333 0.05
0 0.757812 0.17963 0.040625 0.0518519
0 0.232292 0.25 0.04375 0.062963
0 0.6 0.132407 0.0270833 0.0388889
0 0.534375 0.128704 0.025 0.0425926
0 0.366146 0.257407 0.128125 0.0851852
0 0.626562 0.183333 0.0322917 0.0518519
0 0.790104 0.199074 0.0447917 0.0574074
0 0.567708 0.166667 0.03125 0.0444444
0 0.583333 0.262037 0.0416667 0.105556
0 0.853125 0.275926 0.0583333 0.0703704
0 0.23125 0.325926 0.0520833 0.0814815
0 0.207813 0.360185 0.065625 0.0944444
0 0.0276042 0.591667 0.0552083 0.17963
0 0.0682292 0.508333 0.090625 0.112963
0 0.664583 0.257407 0.05 0.0777778
0 0.117708 0.457407 0.0916667 0.122222
0 0.167708 0.407407 0.08125 0.111111
0 0.86875 0.327778 0.06875 0.0925926
0 0.6 0.452778 0.0791667 0.135185
