0 0.489583 0.251852 0.0208333 0.0333333
0 0.329688 0.364815 0.0802083 0.0925926
0 0.498437 0.185185 0.0177083 0.0296296
0 0.975 0.301852 0.05 0.0481481
0 0.704687 0.244444 0.021875 0.0259259
0 0.909896 0.390741 0.040625 0.0444444
0 0.632812 0.25 0.040625 0.0777778
0 0.565104 0.231481 0.0197917 0.0259259
0 0.686979 0.286111 0.0302083 0.0351852
0 0.249479 0.343519 0.046875 0.0574074
0 0.448438 0.272222 0.0260417 0.037037
0 0.281771 0.307407 0.0385417 0.0592593
0 0.334375 0.273148 0.0416667 0.05
0 0.463542 0.311111 0.03125 0.0481481
0 0.240104 0.841667 0.161458 0.272222
