0 0.316667 0.14537 0.03125 0.0351852
0 0.585938 0.0435185 0.021875 0.0388889
0 0.284375 0.181481 0.0291667 0.0555556
0 0.986458 0.140741 0.0270833 0.0555556
0 0.972396 0.216667 0.0552083 0.0703704
0 0.297396 0.163889 0.034375 0.0388889
0 0.0630208 0.359259 0.034375 0.0740741
0 0.990104 0.244444 0.0197917 0.0555556
0 0.570833 0.0657407 0.0166667 0.0277778
0 0.858333 0.153704 0.05 0.0592593
0 0.940104 0.200926 0.065625 0.0648148
0 0.491667 0.0981481 0.0270833 0.0666667
0 0.620313 0.0657407 0.0197917 0.0314815
0 0.096875 0.253704 0.0604167 0.0592593
0 0.0848958 0.327778 0.0697917 0.0851852
0 0.261979 0.191667 0.0322917 0.05
0 0.951042 0.155556 0.0791667 0.0666667
0 0.158333 0.221296 0.0520833 0.0611111
0 0.240104 0.207407 0.0427083 0.0518519
0 0.123958 0.291667 0.0541667 0.0759259
0 0.58125 0.111111 0.025 0.0481481
0 0.657292 0.155556 0.0333333 0.0481481
0 0.468229 0.150926 0.034375 0.0537037
0 0.203125 0.228704 0.0583333 0.0611111
0 0.688021 0.27037 0.059375 0.0925926
0 0.786979 0.901852 0.213542 0.192593
0 0.732813 0.452778 0.090625 0.131481
