0 0.227604 0.137963 0.0302083 0.0351852
0 0.875 0.121296 0.0625 0.0611111
0 0.833333 0.124074 0.05625 0.0703704
0 0.424479 0.136111 0.0489583 0.0425926
0 0.903125 0.221296 0.0895833 0.0685185
0 0.51875 0.0777778 0.05625 0.0407407
0 0.603646 0.166667 0.0510417 0.0518519
0 0.0208333 0.153704 0.0208333 0.0333333
0 0.984375 0.122222 0.03125 0.0777778
0 0.0359375 0.176852 0.0260417 0.0351852
0 0.0802083 0.210185 0.0333333 0.0462963
0 0.253125 0.191667 0.0416667 0.05
0 0.763021 0.196296 0.0864583 0.0740741
0 0.0484375 0.251852 0.040625 0.062963
0 0.717188 0.456481 0.201042 0.172222
0 0.250521 0.482407 0.107292 0.164815
