0 0.590104 0.0981481 0.0364583 0.037037
0 0.245833 0.262037 0.05 0.0759259
0 0.283333 0.17037 0.0416667 0.062963
0 0.601042 0.062037 0.025 0.0351852
0 0.746875 0.0564815 0.0333333 0.0425926
0 0.323438 0.174074 0.0385417 0.062963
0 0.175521 0.317593 0.0364583 0.0981481
0 0.720312 0.0833333 0.0322917 0.0555556
0 0.634896 0.0953704 0.0322917 0.0611111
0 0.585938 0.143519 0.040625 0.05
0 0.261979 0.237037 0.0552083 0.0666667
0 0.359375 0.180556 0.0729167 0.0685185
0 0.649479 0.137963 0.0364583 0.0648148
0 0.0317708 0.463889 0.0635417 0.105556
0 0.746875 0.140741 0.0458333 0.0666667
0 0.078125 0.406481 0.0791667 0.0944444
0 0.134375 0.363889 0.0854167 0.105556
0 0.490625 0.203704 0.0645833 0.0703704
0 0.891146 0.226852 0.0739583 0.0907407
0 0.588542 0.200926 0.0541667 0.087037
0 0.668229 0.293519 0.0697917 0.109259
0 0.959896 0.314815 0.0802083 0.114815
