0 0.985937 0.140741 0.028125 0.0555556
0 0.509896 0.0481481 0.015625 0.0259259
0 0.634896 0.0981481 0.0239583 0.0444444
0 0.972917 0.222222 0.0541667 0.0703704
0 0.990104 0.242593 0.0197917 0.0555556
0 0.590104 0.0546296 0.015625 0.0277778
0 0.939062 0.2 0.0614583 0.062963
0 0.853125 0.150926 0.0604167 0.0574074
0 0.15625 0.216667 0.05 0.0555556
0 0.291146 0.171296 0.028125 0.0462963
0 0.629687 0.137037 0.028125 0.0481481
0 0.951042 0.156481 0.0770833 0.0648148
0 0.581771 0.108333 0.0239583 0.0388889
0 0.0625 0.359259 0.0333333 0.0740741
0 0.241146 0.207407 0.0427083 0.0518519
0 0.2625 0.190741 0.0333333 0.0518519
0 0.613021 0.0851852 0.021875 0.0333333
0 0.204167 0.226852 0.05625 0.0574074
0 0.444792 0.147222 0.0291667 0.0462963
0 0.0895833 0.325926 0.0708333 0.0888889
0 0.698438 0.161111 0.053125 0.0518519
0 0.124479 0.294444 0.0510417 0.0703704
0 0.169792 0.264815 0.075 0.062963
0 0.759375 0.286111 0.0645833 0.0833333
