0 0.466146 0.0981481 0.0260417 0.0666667
0 0.827083 0.153704 0.0208333 0.037037
0 0.447917 0.151852 0.04375 0.0962963
0 0.553125 0.0712963 0.0208333 0.0314815
0 0.8625 0.174074 0.03125 0.0555556
0 0.801562 0.134259 0.040625 0.05
0 0.979688 0.259259 0.0385417 0.0703704
0 0.3125 0.240741 0.05625 0.0777778
0 0.489583 0.200926 0.04375 0.0796296
0 0.447917 0.246296 0.0479167 0.0814815
0 0.8875 0.19537 0.0520833 0.0796296
0 0.107292 0.275 0.114583 0.0796296
0 0.45625 0.337037 0.0625 0.103704
0 0.371875 0.328704 0.0625 0.101852
0 0.960938 0.214815 0.078125 0.062963
0 0.248958 0.521296 0.104167 0.161111
0 0.415625 0.580556 0.108333 0.194444
0 0.134896 0.835185 0.198958 0.322222
