0 0.393229 0.278704 0.186458 0.224074
0 0.622917 0.235185 0.102083 0.0925926
0 0.513021 0.290741 0.084375 0.107407
0 0.295833 0.312963 0.0791667 0.107407
0 0.766146 0.283333 0.121875 0.111111
0 0.961979 0.675 0.0760417 0.153704
0 0.948958 0.513889 0.102083 0.175926
0 0.625521 0.35463 0.126042 0.12037
0 0.770312 0.424074 0.157292 0.140741
0 0.828646 0.538889 0.178125 0.218519
0 0.356771 0.363889 0.0760417 0.101852
0 0.644792 0.462963 0.166667 0.148148
0 0.5875 0.543519 0.158333 0.175926
0 0.432292 0.428704 0.114583 0.135185
0 0.821354 0.712963 0.280208 0.340741
