0 0.308854 0.303704 0.028125 0.0481481
0 0.789583 0.363889 0.0375 0.05
0 0.770833 0.34537 0.0395833 0.0425926
0 0.333333 0.288889 0.03125 0.037037
0 0.818229 0.384259 0.0447917 0.0537037
0 0.854688 0.410185 0.0552083 0.0574074
0 0.294271 0.314815 0.0322917 0.0407407
0 0.898438 0.441667 0.0822917 0.087037
0 0.943229 0.476852 0.0885417 0.0833333
0 0.270312 0.334259 0.0364583 0.0425926
0 0.985417 0.562963 0.0291667 0.0888889
0 0.0125 0.538889 0.025 0.0740741
0 0.243229 0.352778 0.0427083 0.0537037
0 0.974479 0.511111 0.0510417 0.0703704
0 0.614583 0.310185 0.0291667 0.0425926
0 0.1125 0.443519 0.0833333 0.0907407
0 0.572396 0.311111 0.028125 0.037037
0 0.628646 0.543519 0.0739583 0.12037
0 0.211979 0.373148 0.0489583 0.0537037
