0 0.257812 0.142593 0.0447917 0.0555556
0 0.344792 0.132407 0.0416667 0.0611111
0 0.713542 0.0583333 0.03125 0.05
0 0.776042 0.0731481 0.0416667 0.0611111
0 0.253125 0.227778 0.0520833 0.0851852
0 0.899479 0.12037 0.0510417 0.062963
0 0.8125 0.0935185 0.04375 0.0574074
0 0.55 0.0166667 0.0208333 0.0296296
0 0.763542 0.115741 0.0479167 0.0648148
0 0.602604 0.108333 0.0385417 0.0611111
0 0.676562 0.12963 0.0427083 0.0703704
0 0.233854 0.261111 0.071875 0.0962963
0 0.0916667 0.417593 0.0875 0.12037
0 0.909375 0.196296 0.0729167 0.0851852
0 0.192188 0.306481 0.0802083 0.109259
0 0.94375 0.262963 0.075 0.0962963
0 0.399479 0.175 0.103125 0.0648148
0 0.611979 0.893519 0.151042 0.209259
0 0.141146 0.350926 0.090625 0.105556
0 0.716667 0.249074 0.06875 0.105556
0 0.0442708 0.488889 0.0885417 0.17037
0 0.0166667 0.726852 0.0333333 0.168519
0 0.615625 0.161111 0.0479167 0.0777778
0 0.632812 0.350926 0.0822917 0.131481
0 0.703646 0.598148 0.146875 0.22963
