0 0.654167 0.0916667 0.0229167 0.0277778
0 0.769271 0.121296 0.0322917 0.0425926
0 0.714583 0.101852 0.0270833 0.0666667
0 0.636458 0.12963 0.03125 0.0518519
0 0.505208 0.075 0.01875 0.0388889
0 0.617188 0.087963 0.0177083 0.0277778
0 0.817187 0.175926 0.0447917 0.0518519
0 0.534896 0.0916667 0.0260417 0.0462963
0 0.481771 0.124074 0.021875 0.037037
0 0.679167 0.130556 0.0270833 0.0425926
0 0.644271 0.17037 0.0364583 0.0518519
0 0.349479 0.383333 0.0739583 0.137037
0 0.896875 0.250926 0.05625 0.0722222
0 0.727083 0.217593 0.0458333 0.0722222
0 0.689062 0.262037 0.046875 0.0759259
0 0.443229 0.196296 0.0427083 0.0666667
0 0.504687 0.211111 0.040625 0.062963
0 0.294271 0.272222 0.053125 0.0740741
0 0.824479 0.250926 0.0572917 0.0833333
0 0.784896 0.411111 0.0739583 0.107407
