0 0.739583 0.186111 0.03125 0.0685185
0 0.679167 0.182407 0.025 0.0462963
0 0.64375 0.187037 0.0291667 0.0407407
0 0.528646 0.190741 0.028125 0.0444444
0 0.473437 0.12963 0.0177083 0.0333333
0 0.619271 0.161111 0.0260417 0.037037
0 0.838542 0.234259 0.0458333 0.0537037
0 0.694271 0.209259 0.0322917 0.0518519
0 0.5375 0.134259 0.0229167 0.0425926
0 0.884896 0.300926 0.0572917 0.0648148
0 0.375521 0.189815 0.0322917 0.05
0 0.43125 0.197222 0.03125 0.0462963
0 0.631771 0.231481 0.034375 0.0518519
0 0.322396 0.256481 0.040625 0.0574074
0 0.818229 0.302778 0.0572917 0.087037
0 0.96875 0.380556 0.0625 0.0907407
0 0.984375 0.553704 0.03125 0.1
0 0.663021 0.306481 0.0489583 0.0759259
0 0.385417 0.238889 0.0395833 0.062963
0 0.760417 0.349074 0.0604167 0.0796296
0 0.706771 0.465741 0.0739583 0.112963
0 0.759375 0.657407 0.1125 0.188889
0 0.874479 0.558333 0.103125 0.138889
0 0.164583 0.85463 0.160417 0.246296
