0 0.986458 0.42037 0.0270833 0.0407407
0 0.654688 0.257407 0.021875 0.0259259
0 0.523958 0.241667 0.01875 0.0277778
0 0.554688 0.210185 0.0114583 0.0203704
0 0.485938 0.211111 0.0197917 0.0407407
0 0.948438 0.387963 0.0635417 0.0611111
0 0.493229 0.271296 0.0177083 0.0351852
0 0.249479 0.350926 0.046875 0.0648148
0 0.608333 0.223148 0.03125 0.0574074
0 0.977083 0.305556 0.0458333 0.0444444
0 0.282813 0.309259 0.0385417 0.0592593
0 0.473437 0.297222 0.0302083 0.0462963
0 0.896875 0.389815 0.0520833 0.0574074
0 0.335938 0.278704 0.040625 0.05
0 0.6875 0.290741 0.0270833 0.0296296
0 0.445833 0.282407 0.0291667 0.0388889
0 0.428125 0.400926 0.0520833 0.0759259
0 0.264062 0.571296 0.096875 0.135185
