0 0.685417 0.140741 0.0479167 0.0518519
0 0.809896 0.265741 0.0927083 0.131481
0 0.597396 0.353704 0.146875 0.12963
0 0.279687 0.143519 0.065625 0.0462963
0 0.338021 0.105556 0.053125 0.037037
0 0.382812 0.0990741 0.040625 0.0351852
0 0.10625 0.214815 0.0645833 0.0444444
0 0.753646 0.0490741 0.046875 0.0425926
0 0.0682292 0.219444 0.0364583 0.0388889
0 0.573438 0.174074 0.0635417 0.0703704
0 0.179688 0.177778 0.0677083 0.0481481
0 0.059375 0.611111 0.11875 0.162963
0 0.460938 0.309259 0.078125 0.0703704
0 0.748958 0.439815 0.129167 0.146296
0 0.869792 0.527778 0.141667 0.162963
0 0.574479 0.489815 0.153125 0.142593
