0 0.821875 0.216667 0.0416667 0.0518519
0 0.54375 0.134259 0.0229167 0.0351852
0 0.630208 0.158333 0.0270833 0.0388889
0 0.709375 0.140741 0.0229167 0.0407407
0 0.702604 0.217593 0.034375 0.0537037
0 0.479167 0.112037 0.01875 0.0314815
0 0.44375 0.163889 0.0270833 0.0425926
0 0.636458 0.187963 0.0333333 0.0462963
0 0.472917 0.175926 0.0354167 0.0740741
0 0.671875 0.158333 0.025 0.0388889
0 0.327083 0.310185 0.0520833 0.0981481
0 0.794271 0.248148 0.0447917 0.0592593
0 0.514583 0.22037 0.0375 0.0592593
0 0.648958 0.250926 0.0458333 0.0722222
0 0.739062 0.275 0.0510417 0.087037
0 0.967708 0.793519 0.0645833 0.205556
0 0.728646 0.594444 0.096875 0.166667
0 0.883854 0.362963 0.0677083 0.0851852
0 0.679167 0.384259 0.05625 0.0833333
