0 0.241146 0.328704 0.0427083 0.05
0 0.821354 0.362037 0.0427083 0.0611111
0 0.289583 0.292593 0.0354167 0.0444444
0 0.464583 0.248148 0.0208333 0.0407407
0 0.975 0.512037 0.05 0.0981481
0 0.895833 0.416667 0.0791667 0.0814815
0 0.209896 0.350926 0.0510417 0.0537037
0 0.658854 0.365741 0.0489583 0.0833333
0 0.848437 0.387037 0.053125 0.0592593
0 0.570833 0.282407 0.0208333 0.0462963
0 0.432292 0.275926 0.025 0.0444444
0 0.940625 0.455556 0.0854167 0.0777778
0 0.472396 0.287037 0.0260417 0.0555556
0 0.111458 0.418519 0.08125 0.0888889
0 0.380729 0.342593 0.0427083 0.0555556
0 0.00989583 0.515741 0.0197917 0.0722222
0 0.446354 0.375 0.0447917 0.0685185
0 0.223958 0.800926 0.158333 0.27963
0 0.395312 0.716667 0.103125 0.225926
