0 0.0265625 0.325 0.053125 0.127778
0 0.649479 0.0574074 0.0260417 0.0444444
0 0.991146 0.142593 0.0177083 0.037037
0 0.301562 0.187963 0.0489583 0.0685185
0 0.705208 0.102778 0.0354167 0.05
0 0.973958 0.122222 0.0520833 0.0555556
0 0.482812 0.121296 0.053125 0.0574074
0 0.790104 0.457407 0.138542 0.277778
0 0.271354 0.22037 0.0614583 0.0814815
0 0.773958 0.136111 0.0458333 0.0648148
0 0.604688 0.187037 0.046875 0.0777778
0 0.908854 0.260185 0.0739583 0.112963
0 0.198958 0.302778 0.06875 0.0981481
0 0.234896 0.258333 0.065625 0.087037
0 0.0380208 0.525926 0.0760417 0.185185
0 0.691146 0.861111 0.194792 0.27037
0 0.527083 0.178704 0.0541667 0.0759259
0 0.15 0.353704 0.0979167 0.125926
0 0.852604 0.318519 0.090625 0.107407
0 0.506771 0.551852 0.109375 0.218519
