0 0.00989583 0.103704 0.0197917 0.0259259
0 0.909896 0.0990741 0.0177083 0.0240741
0 0.742708 0.14537 0.025 0.0314815
0 0.08125 0.0990741 0.0833333 0.0388889
0 0.891667 0.260185 0.0729167 0.175926
0 0.709375 0.142593 0.0270833 0.037037
0 0.964583 0.111111 0.01875 0.0296296
0 0.884375 0.146296 0.025 0.0333333
0 0.953125 0.90463 0.0916667 0.187037
0 0.606771 0.202778 0.0427083 0.0574074
0 0.616667 0.230556 0.04375 0.05
0 0.723437 0.291667 0.053125 0.0722222
0 0.375 0.44537 0.11875 0.146296
0 0.353646 0.332407 0.0822917 0.0907407
0 0.461458 0.326852 0.06875 0.0833333
0 0.767187 0.835185 0.136458 0.259259
0 0.0828125 0.521296 0.151042 0.131481
0 0.235417 0.905556 0.241667 0.181481
0 0.529688 0.82037 0.184375 0.277778
