0 0.00572917 0.249074 0.0114583 0.0722222
0 0.442708 0.0990741 0.025 0.0388889
0 0.81875 0.132407 0.025 0.0574074
0 0.546875 0.0833333 0.025 0.0444444
0 0.790625 0.123148 0.03125 0.05
0 0.432813 0.0694444 0.021875 0.0351852
0 0.486458 0.109259 0.0333333 0.0444444
0 0.855729 0.163889 0.0302083 0.0611111
0 0.0489583 0.212037 0.0583333 0.0685185
0 0.378125 0.174074 0.025 0.0592593
0 0.471875 0.0611111 0.0229167 0.0407407
0 0.977083 0.258333 0.0458333 0.0981481
0 0.398958 0.137037 0.03125 0.0518519
0 0.438542 0.157407 0.0354167 0.0777778
0 0.489062 0.149074 0.034375 0.0537037
0 0.880208 0.185185 0.0520833 0.0777778
0 0.476562 0.227778 0.0489583 0.0777778
0 0.95625 0.20463 0.0854167 0.0648148
0 0.175 0.780556 0.185417 0.327778
0 0.40625 0.24537 0.05 0.0796296
0 0.906771 0.893519 0.184375 0.201852
0 0.1875 0.27037 0.10625 0.0777778
0 0.440625 0.387037 0.0770833 0.125926
