0 0.858333 0.308333 0.0625 0.05
0 0.280729 0.168519 0.015625 0.0333333
0 0.601042 0.241667 0.0395833 0.0351852
0 0.229687 0.177778 0.0197917 0.0296296
0 0.18125 0.213889 0.0208333 0.0277778
0 0.654688 0.252778 0.053125 0.05
0 0.0276042 0.371296 0.0552083 0.0907407
0 0.561979 0.22963 0.046875 0.037037
0 0.819792 0.305556 0.05 0.0444444
0 0.914583 0.330556 0.1125 0.0685185
0 0.05 0.289815 0.0354167 0.0611111
0 0.713021 0.263889 0.0677083 0.0574074
0 0.386979 0.231481 0.0427083 0.0407407
0 0.0380208 0.228704 0.0239583 0.0351852
0 0.294271 0.273148 0.0364583 0.0574074
0 0.452083 0.317593 0.0729167 0.0796296
0 0.458333 0.396296 0.0958333 0.0962963
0 0.592708 0.294444 0.0729167 0.0592593
