0 0.547396 0.0537037 0.021875 0.0481481
0 0.367708 0.15 0.0375 0.0555556
0 0.592708 0.0435185 0.0229167 0.0425926
0 0.333854 0.191667 0.0385417 0.0574074
0 0.352604 0.17037 0.0385417 0.0555556
0 0.299479 0.209259 0.0572917 0.062963
0 0.239583 0.281481 0.0541667 0.0814815
0 0.243229 0.20463 0.0510417 0.0648148
0 0.620833 0.0805556 0.0270833 0.0388889
0 0.575521 0.0907407 0.0260417 0.0444444
0 0.533854 0.169444 0.0385417 0.0574074
0 0.219271 0.314815 0.0739583 0.0925926
0 0.600521 0.130556 0.0322917 0.05
0 0.174479 0.362037 0.0739583 0.109259
0 0.0776042 0.475 0.090625 0.138889
0 0.127604 0.412963 0.0885417 0.122222
0 0.0364583 0.546296 0.0729167 0.177778
0 0.5875 0.213889 0.04375 0.0759259
0 0.65625 0.191667 0.0479167 0.0722222
0 0.594792 0.451852 0.0895833 0.151852
0 0.778125 0.649074 0.133333 0.238889
