0 0.339583 0.206481 0.0604167 0.0611111
0 0.596354 0.122222 0.034375 0.0555556
0 0.414583 0.149074 0.0333333 0.0462963
0 0.644792 0.0388889 0.0166667 0.0259259
0 0.979688 0.1 0.0385417 0.0407407
0 0.367708 0.187963 0.0479167 0.0462963
0 0.109375 0.421296 0.13125 0.112963
0 0.178646 0.353704 0.0385417 0.0962963
0 0.289583 0.206481 0.04375 0.0611111
0 0.266146 0.277778 0.0572917 0.0777778
0 0.221354 0.30463 0.0989583 0.0907407
0 0.391667 0.171296 0.0375 0.05
0 0.650521 0.115741 0.0302083 0.0611111
0 0.741667 0.0824074 0.025 0.0388889
0 0.591667 0.149074 0.0416667 0.0648148
0 0.755729 0.125926 0.0322917 0.0518519
0 0.0328125 0.497222 0.065625 0.105556
0 0.0822917 0.439815 0.0791667 0.0944444
0 0.139062 0.396296 0.0864583 0.107407
0 0.589583 0.213889 0.04375 0.0722222
0 0.641667 0.175926 0.0395833 0.062963
0 0.540625 0.344444 0.06875 0.107407
0 0.254167 0.898148 0.210417 0.196296
0 0.392188 0.561111 0.111458 0.181481
