0 0.421875 0.150926 0.0458333 0.0685185
0 0.825521 0.012037 0.0364583 0.0240741
0 0.0151042 0.734259 0.0302083 0.124074
0 0.56875 0.0694444 0.04375 0.0574074
0 0.610937 0.0462963 0.046875 0.0481481
0 0.636458 0.190741 0.0895833 0.0888889
0 0.522917 0.0935185 0.05625 0.0648148
0 0.469792 0.123148 0.06875 0.0685185
0 0.230208 0.25463 0.10625 0.087037
0 0.574479 0.191667 0.0885417 0.101852
0 0.123438 0.317593 0.115625 0.105556
0 0.0369792 0.375 0.071875 0.105556
0 0.369271 0.343519 0.138542 0.142593
