0 0.990104 0.511111 0.0197917 0.0481481
0 0.15 0.532407 0.110417 0.116667
0 0.598437 0.343519 0.151042 0.138889
0 0.804688 0.135185 0.0552083 0.0592593
0 0.0151042 0.240741 0.0302083 0.0444444
0 0.394792 0.0712963 0.05625 0.0574074
0 0.372917 0.0981481 0.0416667 0.0333333
0 0.733333 0.0416667 0.0458333 0.05
0 0.116146 0.177778 0.0677083 0.0518519
0 0.965625 0.330556 0.06875 0.12037
0 0.1625 0.447222 0.108333 0.12037
0 0.855729 0.317593 0.105208 0.112963
0 0.692708 0.541667 0.1625 0.168519
0 0.373958 0.687037 0.204167 0.2
