0 0.810938 0.164815 0.0635417 0.0592593
0 0.842708 0.164815 0.0875 0.0555556
0 0.0859375 0.213889 0.034375 0.0462963
0 0.513021 0.109259 0.071875 0.0407407
0 0.0619792 0.244444 0.0385417 0.0555556
0 0.973958 0.166667 0.05 0.0814815
0 0.231771 0.233333 0.0489583 0.0555556
0 0.133333 0.344444 0.0625 0.0925926
0 0.746875 0.234259 0.0854167 0.0722222
0 0.340625 0.301852 0.08125 0.0740741
0 0.214583 0.318519 0.06875 0.0851852
0 0.490625 0.311111 0.122917 0.118519
0 0.466146 0.864815 0.221875 0.259259
0 0.250521 0.492593 0.107292 0.159259
0 0.556771 0.626852 0.217708 0.253704
