0 0.345833 0.108333 0.0416667 0.0314815
0 0.159375 0.190741 0.0625 0.0444444
0 0.805208 0.0527778 0.0541667 0.0388889
0 0.268229 0.139815 0.0447917 0.0462963
0 0.395312 0.0907407 0.0447917 0.0333333
0 0.451042 0.0731481 0.04375 0.0388889
0 0.0291667 0.206481 0.0541667 0.0388889
0 0.0666667 0.22037 0.0729167 0.0444444
0 0.0203125 0.241667 0.040625 0.0462963
0 0.229687 0.161111 0.040625 0.0407407
0 0.590625 0.352778 0.141667 0.127778
0 0.206771 0.160185 0.0489583 0.0462963
0 0.634375 0.272222 0.06875 0.0592593
0 0.647396 0.15463 0.0552083 0.0537037
0 0.0276042 0.534259 0.0552083 0.116667
0 0.825 0.261111 0.0979167 0.1
0 0.475 0.603704 0.179167 0.174074
0 0.824479 0.466667 0.134375 0.151852
