0 0.840104 0.142593 0.0427083 0.0518519
0 0.971354 0.206481 0.0572917 0.05
0 0.0619792 0.281481 0.046875 0.0666667
0 0.639063 0.0592593 0.0197917 0.0296296
0 0.107292 0.262037 0.0645833 0.0574074
0 0.85625 0.15 0.0520833 0.0555556
0 0.278646 0.173148 0.028125 0.0425926
0 0.291146 0.169444 0.0260417 0.0425926
0 0.938542 0.199074 0.0625 0.0648148
0 0.635417 0.125926 0.0270833 0.062963
0 0.949479 0.153704 0.0739583 0.062963
0 0.592708 0.0583333 0.0166667 0.0277778
0 0.120312 0.291667 0.0677083 0.0759259
0 0.261979 0.189815 0.0322917 0.05
0 0.615625 0.1 0.0229167 0.0333333
0 0.2375 0.208333 0.0395833 0.05
0 0.0864583 0.325 0.075 0.087037
0 0.15625 0.219444 0.05 0.0574074
0 0.583333 0.137963 0.0291667 0.0462963
0 0.454167 0.131481 0.0270833 0.037037
0 0.645312 0.173148 0.0364583 0.0574074
0 0.202604 0.226852 0.059375 0.0611111
0 0.734375 0.167593 0.0625 0.0537037
0 0.836979 0.397222 0.0927083 0.12037
