0 0.954687 0.0453704 0.021875 0.0314815
0 0.935417 0.0342593 0.01875 0.0277778
0 0.879167 0.037037 0.01875 0.0259259
0 0.838021 0.0805556 0.0239583 0.0314815
0 0.882292 0.0851852 0.0270833 0.0444444
0 0.977604 0.0814815 0.028125 0.0407407
0 0.982813 0.144444 0.034375 0.0555556
0 0.768229 0.312963 0.065625 0.1
0 0.75 0.205556 0.0520833 0.0703704
0 0.571875 0.147222 0.0479167 0.0537037
0 0.829687 0.213889 0.0510417 0.0685185
0 0.245833 0.322222 0.102083 0.107407
0 0.317708 0.377778 0.114583 0.12963
