0 0.772396 0.0944444 0.0197917 0.0444444
0 0.009375 0.102778 0.01875 0.0314815
0 0.0765625 0.0935185 0.0864583 0.0388889
0 0.905729 0.100926 0.021875 0.0314815
0 0.407292 0.409259 0.11875 0.140741
0 0.772917 0.112037 0.0208333 0.0240741
0 0.941667 0.0768519 0.0166667 0.0277778
0 0.745313 0.152778 0.028125 0.0351852
0 0.701042 0.119444 0.0229167 0.0314815
0 0.673958 0.151852 0.0291667 0.0333333
0 0.0838542 0.607407 0.167708 0.2
0 0.116667 0.489815 0.11875 0.109259
0 0.452083 0.277778 0.0729167 0.0888889
0 0.76875 0.262037 0.0479167 0.0611111
0 0.265104 0.362037 0.0760417 0.0833333
0 0.497917 0.307407 0.06875 0.0740741
0 0.817187 0.313889 0.053125 0.0759259
