0 0.753646 0.147222 0.0239583 0.0314815
0 0.00989583 0.112037 0.0197917 0.0351852
0 0.697917 0.156481 0.025 0.0314815
0 0.930729 0.171296 0.0239583 0.0314815
0 0.855208 0.15463 0.0229167 0.0314815
0 0.716146 0.2 0.0364583 0.0481481
0 0.969271 0.171296 0.0239583 0.0314815
0 0.667188 0.206481 0.0385417 0.0462963
0 0.0796875 0.108333 0.0864583 0.0425926
0 0.809375 0.211111 0.0333333 0.0481481
0 0.860937 0.218519 0.0302083 0.0481481
0 0.966146 0.334259 0.0489583 0.0759259
0 0.546354 0.24537 0.0489583 0.0574074
0 0.870313 0.417593 0.0614583 0.0981481
0 0.589063 0.258333 0.046875 0.0537037
0 0.718229 0.341667 0.0614583 0.0759259
0 0.363021 0.322222 0.078125 0.0814815
