0 0.284896 0.155556 0.034375 0.0481481
0 0.676042 0.105556 0.0270833 0.0444444
0 0.238542 0.187963 0.04375 0.0537037
0 0.124479 0.272222 0.053125 0.0740741
0 0.632812 0.128704 0.0322917 0.0462963
0 0.529688 0.1 0.0260417 0.0407407
0 0.463542 0.0824074 0.0270833 0.0574074
0 0.858333 0.136111 0.0541667 0.0574074
0 0.953125 0.137963 0.08125 0.0611111
0 0.157813 0.199074 0.0489583 0.0648148
0 0.490104 0.107407 0.0239583 0.037037
0 0.203646 0.208333 0.0572917 0.0611111
0 0.959896 0.87963 0.078125 0.22963
0 0.940625 0.184259 0.0645833 0.0611111
0 0.434896 0.127778 0.028125 0.0407407
0 0.990625 0.232407 0.01875 0.0425926
0 0.0901042 0.3 0.0760417 0.0777778
0 0.657812 0.168519 0.0364583 0.0555556
0 0.416146 0.175926 0.040625 0.0592593
0 0.522396 0.164815 0.0364583 0.0592593
0 0.738021 0.310185 0.0822917 0.138889
0 0.383854 0.337963 0.071875 0.0907407
0 0.0916667 0.387963 0.0875 0.109259
0 0.472396 0.15463 0.034375 0.0537037
0 0.971354 0.205556 0.0572917 0.0666667
0 0.676042 0.215741 0.05 0.0722222
0 0.445312 0.215741 0.046875 0.0722222
0 0.375 0.42963 0.0895833 0.151852
0 0.290104 0.372222 0.0739583 0.114815
