0 0.819271 0.388889 0.046875 0.0518519
0 0.486979 0.244444 0.0114583 0.0259259
0 0.765625 0.35 0.0333333 0.0407407
0 0.975 0.515741 0.05 0.0685185
0 0.548437 0.251852 0.0197917 0.0222222
0 0.293229 0.322222 0.0322917 0.0407407
0 0.269271 0.337963 0.0385417 0.0462963
0 0.851562 0.412963 0.0572917 0.0555556
0 0.943229 0.482407 0.0864583 0.087037
0 0.242708 0.357407 0.04375 0.0518519
0 0.593229 0.283333 0.0177083 0.0296296
0 0.0119792 0.543519 0.0239583 0.0722222
0 0.898438 0.438889 0.084375 0.0888889
0 0.474479 0.334259 0.0322917 0.0574074
0 0.114063 0.448148 0.0802083 0.0888889
0 0.211979 0.377778 0.0510417 0.0555556
0 0.401563 0.780556 0.115625 0.242593
0 0.283333 0.54537 0.10625 0.124074
0 0.726042 0.659259 0.102083 0.144444
