0 0.246354 0.256481 0.0447917 0.0574074
0 0.906771 0.263889 0.065625 0.0425926
0 0.110937 0.874074 0.159375 0.244444
0 0.157292 0.236111 0.0354167 0.0833333
0 0.505729 0.322222 0.0802083 0.1
0 0.236979 0.306481 0.046875 0.0685185
0 0.19375 0.251852 0.0479167 0.0851852
0 0.580208 0.252778 0.09375 0.0944444
0 0.716146 0.299074 0.109375 0.105556
0 0.830208 0.941667 0.227083 0.112963
0 0.290625 0.338889 0.08125 0.107407
0 0.820833 0.57037 0.177083 0.222222
0 0.957812 0.706481 0.084375 0.157407
0 0.760938 0.456481 0.157292 0.142593
0 0.617708 0.385185 0.125 0.114815
0 0.347917 0.392593 0.0770833 0.103704
0 0.94375 0.544444 0.1125 0.177778
0 0.908854 0.377778 0.142708 0.118519
0 0.636979 0.493519 0.167708 0.142593
0 0.423438 0.455556 0.115625 0.133333
0 0.813021 0.743519 0.278125 0.346296
0 0.579687 0.574074 0.159375 0.174074
