0 0.734896 0.0657407 0.0302083 0.0425926
0 0.581771 0.0138889 0.0177083 0.0240741
0 0.990104 0.0787037 0.0197917 0.0388889
0 0.955208 0.0805556 0.0458333 0.0462963
0 0.0401042 0.306481 0.0802083 0.087037
0 0.305729 0.187963 0.046875 0.0685185
0 0.661458 0.168519 0.05625 0.111111
0 0.575 0.0972222 0.0291667 0.05
0 0.698438 0.111111 0.0364583 0.0592593
0 0.771875 0.121296 0.04375 0.0611111
0 0.976042 0.126852 0.0479167 0.0574074
0 0.275521 0.223148 0.0572917 0.0796296
0 0.474479 0.151852 0.0822917 0.062963
0 0.204688 0.301852 0.065625 0.0962963
0 0.782292 0.214815 0.0604167 0.0814815
0 0.240104 0.261111 0.0635417 0.0888889
0 0.0411458 0.526852 0.0822917 0.183333
0 0.15625 0.356481 0.0979167 0.124074
0 0.559375 0.225 0.0520833 0.087037
0 0.751562 0.390741 0.0927083 0.155556
0 0.601042 0.309259 0.06875 0.114815
0 0.901042 0.25 0.0791667 0.0888889
