0 0.491667 0.117593 0.0458333 0.05
0 0.743229 0.0675926 0.0302083 0.0425926
0 0.688542 0.087037 0.03125 0.0481481
0 0.305729 0.185185 0.0489583 0.0703704
0 0.649479 0.141667 0.0510417 0.0981481
0 0.783854 0.127778 0.046875 0.0703704
0 0.706771 0.116667 0.040625 0.062963
0 0.975521 0.122222 0.0489583 0.0555556
0 0.572396 0.0833333 0.028125 0.0481481
0 0.274479 0.218519 0.0572917 0.0814815
0 0.205208 0.29537 0.0645833 0.087037
0 0.460938 0.14537 0.0822917 0.0611111
0 0.240104 0.255556 0.0635417 0.0851852
0 0.559375 0.197222 0.0458333 0.0796296
0 0.0416667 0.52037 0.0833333 0.188889
0 0.69375 0.881481 0.175 0.233333
0 0.154687 0.350926 0.0947917 0.127778
0 0.930208 0.275 0.0854167 0.0981481
0 0.803646 0.241667 0.065625 0.0907407
0 0.596354 0.266667 0.0635417 0.107407
0 0.721875 0.322222 0.075 0.118519
