0 0.686979 0.0962963 0.021875 0.0296296
0 0.584896 0.109259 0.021875 0.0518519
0 0.619271 0.117593 0.0239583 0.0351852
0 0.323438 0.243519 0.0447917 0.0685185
0 0.909375 0.152778 0.0520833 0.0537037
0 0.294271 0.274074 0.0572917 0.0777778
0 0.751562 0.192593 0.0364583 0.0518519
0 0.600521 0.164815 0.0302083 0.0703704
0 0.258854 0.310185 0.0614583 0.087037
0 0.542188 0.176852 0.0322917 0.0537037
0 0.974479 0.153704 0.0427083 0.0444444
0 0.222917 0.352778 0.0666667 0.0944444
0 0.986458 0.199074 0.0270833 0.0537037
0 0.0484375 0.568519 0.096875 0.181481
0 0.174479 0.401852 0.0947917 0.122222
0 0.591146 0.236111 0.0447917 0.0722222
0 0.622396 0.347222 0.0635417 0.101852
0 0.851042 0.333333 0.0895833 0.118519
