0 0.445833 0.138889 0.0979167 0.0703704
0 0.0692708 0.609259 0.138542 0.240741
0 0.565625 0.0666667 0.0416667 0.0592593
0 0.427604 0.150926 0.059375 0.0648148
0 0.607813 0.0462963 0.046875 0.0481481
0 0.230208 0.252778 0.104167 0.087037
0 0.46875 0.12037 0.0666667 0.062963
0 0.117708 0.462037 0.175 0.142593
0 0.522396 0.0916667 0.053125 0.0648148
0 0.721354 0.0722222 0.0427083 0.0666667
0 0.752604 0.0833333 0.0635417 0.0814815
0 0.121354 0.315741 0.119792 0.109259
0 0.0364583 0.375 0.0708333 0.105556
0 0.569271 0.189815 0.0947917 0.101852
