0 0.0114583 0.113889 0.0229167 0.0351852
0 0.846354 0.159259 0.0260417 0.037037
0 0.953125 0.132407 0.0145833 0.0277778
0 0.888542 0.161111 0.025 0.0444444
0 0.0796875 0.106481 0.090625 0.0425926
0 0.80625 0.216667 0.0354167 0.0444444
0 0.852083 0.22963 0.0333333 0.0481481
0 0.924479 0.221296 0.0302083 0.0462963
0 0.598958 0.225 0.04375 0.0462963
0 0.738021 0.310185 0.0552083 0.0685185
0 0.570833 0.54537 0.1125 0.142593
0 0.867708 0.427778 0.06875 0.114815
0 0.802083 0.347222 0.0604167 0.087037
0 0.126563 0.457407 0.121875 0.114815
0 0.404687 0.458333 0.111458 0.12037
0 0.58125 0.807407 0.170833 0.259259
0 0.203646 0.518519 0.136458 0.144444
