0 0.371875 0.160185 0.0416667 0.0425926
0 0.577604 0.117593 0.046875 0.05
0 0.0359375 0.211111 0.028125 0.037037
0 0.541146 0.117593 0.090625 0.0425926
0 0.3125 0.150926 0.0375 0.0351852
0 0.815104 0.162037 0.059375 0.0648148
0 0.0802083 0.203704 0.0270833 0.0407407
0 0.185937 0.216667 0.0385417 0.0407407
0 0.107292 0.233333 0.0375 0.0481481
0 0.0802083 0.264815 0.0416667 0.0740741
0 0.503646 0.110185 0.0510417 0.0425926
0 0.256771 0.218519 0.0510417 0.0481481
0 0.973958 0.162037 0.0479167 0.0833333
0 0.157813 0.381481 0.071875 0.107407
0 0.283854 0.435185 0.101042 0.137037
0 0.430729 0.343519 0.103125 0.087037
0 0.836979 0.85463 0.317708 0.287037
