0 0.878125 0.0583333 0.0270833 0.05
0 0.8 0.112037 0.0375 0.05
0 0.979167 0.0657407 0.0291667 0.0462963
0 0.588542 0.150926 0.0520833 0.0537037
0 0.60625 0.599074 0.154167 0.257407
0 0.823438 0.167593 0.046875 0.0648148
0 0.682292 0.30463 0.0895833 0.112963
0 0.747396 0.194444 0.053125 0.0703704
0 0.570833 0.212037 0.0645833 0.0722222
0 0.891667 0.275 0.0583333 0.087037
0 0.025 0.433333 0.05 0.0962963
0 0.973958 0.303704 0.0520833 0.0962963
0 0.0171875 0.526852 0.034375 0.0981481
0 0.357812 0.271296 0.0885417 0.087037
0 0.742188 0.876852 0.169792 0.242593
