0 0.923958 0.0657407 0.03125 0.0388889
0 0.959896 0.0805556 0.0447917 0.0425926
0 0.660937 0.0111111 0.021875 0.0222222
0 0.240104 0.187037 0.040625 0.0666667
0 0.932813 0.0740741 0.021875 0.0407407
0 0.897396 0.0564815 0.021875 0.0425926
0 0.639583 0.012963 0.01875 0.0259259
0 0.239583 0.264815 0.0520833 0.0851852
0 0.219271 0.299074 0.0677083 0.0944444
0 0.366667 0.199074 0.116667 0.0944444
0 0.0770833 0.465741 0.0895833 0.135185
0 0.127604 0.400926 0.0885417 0.124074
0 0.0364583 0.536111 0.0729167 0.175926
0 0.177604 0.346296 0.0802083 0.111111
0 0.789583 0.2 0.0604167 0.0777778
0 0.5875 0.237963 0.0708333 0.087037
