0 0.707812 0.0796296 0.0322917 0.0518519
0 0.613021 0.12037 0.0427083 0.0555556
0 0.816146 0.1 0.028125 0.037037
0 0.874479 0.0768519 0.028125 0.0425926
0 0.928646 0.0490741 0.0197917 0.0351852
0 0.909375 0.113889 0.0270833 0.05
0 0.85 0.0648148 0.0229167 0.037037
0 0.515104 0.190741 0.059375 0.0703704
0 0.964063 0.0861111 0.0239583 0.05
0 0.571875 0.178704 0.0604167 0.087037
0 0.965625 0.189815 0.0395833 0.0796296
0 0.438021 0.206481 0.059375 0.0574074
0 0.504687 0.297222 0.0802083 0.0907407
0 0.674479 0.518519 0.109375 0.155556
0 0.835938 0.325 0.065625 0.109259
0 0.31875 0.285185 0.0770833 0.0814815
0 0.18125 0.557407 0.175 0.174074
0 0.345833 0.355556 0.102083 0.107407
