0 0.992708 0.0944444 0.0145833 0.0333333
0 0.570833 0.0416667 0.01875 0.0351852
0 0.414062 0.0814815 0.0322917 0.0481481
0 0.658854 0.0203704 0.021875 0.037037
0 0.328125 0.171296 0.0416667 0.0611111
0 0.904167 0.1 0.0416667 0.0481481
0 0.326562 0.115741 0.034375 0.05
0 0.632292 0.0194444 0.0166667 0.0351852
0 0.792708 0.956481 0.147917 0.0796296
0 0.680729 0.0574074 0.0260417 0.0333333
0 0.544271 0.037963 0.0177083 0.0277778
0 0.608333 0.0638889 0.0208333 0.0351852
0 0.314063 0.196296 0.0447917 0.0703704
0 0.625 0.0944444 0.0291667 0.0518519
0 0.964063 0.0962963 0.0427083 0.0444444
0 0.577083 0.101852 0.03125 0.0555556
0 0.283333 0.227778 0.0583333 0.0777778
0 0.213021 0.308333 0.0635417 0.101852
0 0.980729 0.139815 0.0385417 0.0537037
0 0.582812 0.207407 0.046875 0.0777778
0 0.680729 0.259259 0.0572917 0.1
0 0.249479 0.265741 0.065625 0.087037
0 0.04375 0.527778 0.0875 0.185185
0 0.164062 0.358333 0.096875 0.124074
0 0.908333 0.280556 0.0854167 0.0944444
