0 0.00833333 0.174074 0.0166667 0.0407407
0 0.158333 0.0796296 0.03125 0.0222222
0 0.375 0.137963 0.0583333 0.0833333
0 0.717708 0.201852 0.152083 0.0814815
0 0.469271 0.0648148 0.078125 0.0444444
0 0.773438 0.12037 0.0510417 0.0592593
0 0.714583 0.190741 0.06875 0.0703704
0 0.508333 0.141667 0.0645833 0.0611111
0 0.842708 0.225 0.0916667 0.0796296
0 0.927604 0.123148 0.053125 0.087037
0 0.548437 0.156481 0.0489583 0.0537037
0 0.015625 0.087037 0.0208333 0.0259259
0 0.0140625 0.218519 0.028125 0.062963
0 0.113021 0.105556 0.0322917 0.0333333
0 0.681771 0.211111 0.078125 0.0851852
0 0.156771 0.149074 0.040625 0.0462963
0 0.357292 0.233333 0.0916667 0.103704
0 0.216667 0.544444 0.129167 0.196296
0 0.811979 0.438889 0.213542 0.166667
