0 0.656771 0.261111 0.065625 0.0407407
0 0.995313 0.227778 0.009375 0.0259259
0 0.671875 0.253704 0.0416667 0.0407407
0 0.856771 0.184259 0.040625 0.0351852
0 0.975 0.215741 0.01875 0.0240741
0 0.640625 0.267593 0.0375 0.0388889
0 0.607813 0.277778 0.040625 0.0444444
0 0.408333 0.350926 0.0729167 0.0648148
0 0.569792 0.293519 0.04375 0.0462963
0 0.946354 0.223148 0.0239583 0.0277778
0 0.169792 0.4 0.0604167 0.062963
0 0.527083 0.308333 0.0479167 0.0425926
0 0.290625 0.42037 0.0875 0.0888889
0 0.757812 0.563889 0.109375 0.12037
0 0.242708 0.419444 0.0583333 0.0722222
0 0.825521 0.334259 0.0489583 0.0574074
0 0.843229 0.387037 0.059375 0.0740741
