0 0.642187 0.087963 0.0322917 0.0351852
0 0.663542 0.121296 0.0375 0.0388889
0 0.896354 0.0694444 0.028125 0.0462963
0 0.591146 0.12037 0.0364583 0.0407407
0 0.969792 0.012037 0.0145833 0.0203704
0 0.870313 0.325926 0.0614583 0.122222
0 0.654167 0.166667 0.05 0.0518519
0 0.924479 0.112963 0.0322917 0.0518519
0 0.0109375 0.555556 0.021875 0.0814815
0 0.815625 0.211111 0.0541667 0.0851852
0 0.186458 0.562037 0.175 0.246296
0 0.9 0.176852 0.0375 0.0648148
0 0.977083 0.278704 0.0458333 0.109259
0 0.148958 0.509259 0.122917 0.151852
0 0.451562 0.194444 0.0614583 0.062963
0 0.75625 0.203704 0.0479167 0.0703704
0 0.480729 0.274074 0.0760417 0.0814815
0 0.116667 0.414815 0.125 0.114815
0 0.632812 0.360185 0.0822917 0.101852
