0 0.0473958 0.194444 0.040625 0.0666667
0 0.826042 0.115741 0.025 0.0425926
0 0.797396 0.0981481 0.034375 0.0444444
0 0.861979 0.138889 0.0302083 0.0555556
0 0.441146 0.132407 0.034375 0.0574074
0 0.463542 0.0472222 0.0229167 0.0425926
0 0.468229 0.238889 0.053125 0.111111
0 0.0182292 0.285185 0.0364583 0.0888889
0 0.469271 0.161111 0.0427083 0.0555556
0 0.630729 0.112037 0.0364583 0.0648148
0 0.284896 0.224074 0.090625 0.0814815
0 0.8875 0.161111 0.0520833 0.0777778
0 0.980729 0.230556 0.0385417 0.0944444
0 0.280729 0.365741 0.0697917 0.12037
0 0.960938 0.17963 0.078125 0.062963
0 0.320833 0.889815 0.183333 0.216667
0 0.26875 0.533333 0.129167 0.188889
0 0.123958 0.848148 0.2 0.292593
