0 0.0479167 0.189815 0.0395833 0.0611111
0 0.425521 0.306481 0.155208 0.0944444
0 0.461979 0.0944444 0.028125 0.0481481
0 0.981771 0.212963 0.034375 0.0555556
0 0.826042 0.113889 0.0270833 0.0462963
0 0.48125 0.0185185 0.01875 0.0333333
0 0.0302083 0.341667 0.0604167 0.0537037
0 0.863542 0.137037 0.0291667 0.0592593
0 0.796875 0.0972222 0.0333333 0.0462963
0 0.365625 0.174074 0.04375 0.0666667
0 0.493229 0.101852 0.0322917 0.062963
0 0.286979 0.294444 0.059375 0.1
0 0.888021 0.161111 0.0510417 0.0777778
0 0.028125 0.266667 0.05625 0.0851852
0 0.382292 0.302778 0.0708333 0.101852
0 0.961458 0.177778 0.0770833 0.062963
0 0.469271 0.315741 0.065625 0.109259
0 0.692187 0.319444 0.078125 0.124074
0 0.320833 0.362037 0.0791667 0.116667
0 0.26875 0.491667 0.1 0.161111
