0 0.765625 0.169444 0.03125 0.0425926
0 0.436458 0.123148 0.0208333 0.0277778
0 0.410937 0.148148 0.0260417 0.037037
0 0.496875 0.125 0.025 0.0574074
0 0.445312 0.158333 0.0239583 0.0388889
0 0.620833 0.150926 0.0270833 0.0351852
0 0.732813 0.184259 0.0302083 0.0425926
0 0.313021 0.258333 0.0427083 0.0574074
0 0.670833 0.164815 0.0291667 0.0444444
0 0.636979 0.212037 0.0385417 0.0685185
0 0.471875 0.182407 0.0291667 0.0425926
0 0.899479 0.399074 0.0677083 0.101852
0 0.3125 0.344444 0.0625 0.0814815
0 0.182812 0.383333 0.071875 0.0962963
0 0.681771 0.440741 0.0677083 0.1
0 0.115625 0.57037 0.116667 0.174074
0 0.746875 0.748148 0.116667 0.185185
0 0.830208 0.513889 0.09375 0.124074
0 0.408333 0.508333 0.0770833 0.127778
0 0.311458 0.882407 0.14375 0.227778
