0 0.3375 0.183333 0.0520833 0.0740741
0 0.574479 0.0490741 0.0239583 0.0277778
0 0.775521 0.0842593 0.0364583 0.0574074
0 0.244792 0.193519 0.0479167 0.0685185
0 0.35625 0.157407 0.0416667 0.0518519
0 0.569792 0.0759259 0.0270833 0.0444444
0 0.702083 0.0740741 0.03125 0.0555556
0 0.763021 0.118519 0.0385417 0.0555556
0 0.73125 0.0657407 0.025 0.0388889
0 0.244271 0.274074 0.0510417 0.0851852
0 0.626042 0.0814815 0.025 0.0444444
0 0.220833 0.305556 0.0645833 0.0962963
0 0.982292 0.262963 0.0354167 0.0925926
0 0.875521 0.282407 0.078125 0.116667
0 0.180208 0.350926 0.0791667 0.109259
0 0.85 0.205556 0.0604167 0.0777778
0 0.0375 0.525926 0.0729167 0.159259
0 0.08125 0.465741 0.0895833 0.131481
0 0.129167 0.402778 0.0916667 0.124074
0 0.605208 0.203704 0.0479167 0.0740741
0 0.0567708 0.681481 0.113542 0.233333
0 0.613021 0.497222 0.0947917 0.168519
