0 0.939062 0.17963 0.0135417 0.0222222
0 0.673437 0.251852 0.0385417 0.0407407
0 0.413542 0.348148 0.0708333 0.0666667
0 0.642708 0.264815 0.0333333 0.0407407
0 0.95625 0.266667 0.0333333 0.037037
0 0.957292 0.297222 0.0354167 0.0648148
0 0.610417 0.277778 0.0395833 0.0407407
0 0.9875 0.237963 0.025 0.0462963
0 0.572917 0.292593 0.0458333 0.0444444
0 0.351042 0.381481 0.075 0.0777778
0 0.531771 0.307407 0.0510417 0.0444444
0 0.847917 0.458333 0.0791667 0.087037
0 0.173438 0.400926 0.059375 0.0648148
0 0.266667 0.416667 0.0979167 0.0777778
