0 0.741667 0.318519 0.0354167 0.0333333
0 0.277083 0.315741 0.05 0.0462963
0 0.833333 0.391667 0.0583333 0.0574074
0 0.292708 0.30463 0.0395833 0.0462963
0 0.541146 0.236111 0.0239583 0.0462963
0 0.785417 0.350926 0.03125 0.05
0 0.590625 0.260185 0.0208333 0.05
0 0.266667 0.325 0.0375 0.0462963
0 0.820833 0.378704 0.04375 0.0537037
0 0.853646 0.414815 0.0552083 0.0703704
0 0.764583 0.340741 0.0333333 0.0407407
0 0.428646 0.446296 0.0572917 0.122222
0 0.240625 0.343519 0.0416667 0.05
0 0.436458 0.331481 0.03125 0.0592593
0 0.557292 0.272222 0.0166667 0.0333333
0 0.894792 0.426852 0.08125 0.0796296
0 0.940625 0.47037 0.0875 0.0814815
0 0.111458 0.431481 0.08125 0.0925926
0 0.00989583 0.530556 0.0197917 0.0722222
0 0.401042 0.383333 0.0395833 0.062963
0 0.214062 0.961111 0.140625 0.0703704
0 0.451562 0.292593 0.0260417 0.0407407
0 0.210417 0.364815 0.05 0.0555556
0 0.974479 0.519444 0.0510417 0.101852
0 0.255208 0.523148 0.1 0.12037
