0 0.607813 0.274074 0.040625 0.0407407
0 0.936458 0.180556 0.0166667 0.0240741
0 0.938021 0.240741 0.0322917 0.0518519
0 0.896875 0.307407 0.0416667 0.0555556
0 0.570833 0.290741 0.0458333 0.0481481
0 0.928646 0.227778 0.0260417 0.037037
0 0.983854 0.255556 0.028125 0.037037
0 0.972917 0.218519 0.01875 0.0259259
0 0.943229 0.25463 0.028125 0.0462963
0 0.527604 0.302778 0.0510417 0.0462963
0 0.896875 0.349074 0.0583333 0.0796296
0 0.408333 0.343519 0.0729167 0.0685185
0 0.802604 0.356481 0.046875 0.0685185
0 0.170312 0.396296 0.059375 0.0592593
0 0.775 0.467593 0.0895833 0.112963
0 0.7875 0.672222 0.145833 0.185185
0 0.2625 0.412963 0.09375 0.0777778
0 0.391146 0.443519 0.109375 0.109259
0 0.059375 0.594444 0.11875 0.140741
0 0.573438 0.574074 0.130208 0.148148
