0 0.0432292 0.0537037 0.0239583 0.0444444
0 0.329167 0.0787037 0.0395833 0.0388889
0 0.00677083 0.164815 0.0135417 0.062963
0 0.291667 0.0888889 0.03125 0.0407407
0 0.43125 0.116667 0.0541667 0.0666667
0 0.0890625 0.113889 0.034375 0.05
0 0.474479 0.107407 0.0427083 0.0481481
0 0.672396 0.172222 0.0864583 0.0925926
0 0.116667 0.142593 0.0375 0.0555556
0 0.0885417 0.20463 0.0479167 0.0907407
0 0.585417 0.177778 0.0770833 0.0777778
0 0.0213542 0.267593 0.0427083 0.0981481
0 0.201042 0.238889 0.0583333 0.0777778
0 0.658854 0.255556 0.096875 0.0888889
0 0.277083 0.563889 0.122917 0.17963
0 0.691146 0.602778 0.169792 0.201852
