0 0.713021 0.115741 0.028125 0.0425926
0 0.527083 0.125926 0.0270833 0.0444444
0 0.621875 0.0916667 0.025 0.0351852
0 0.777083 0.134259 0.0333333 0.0425926
0 0.325 0.208333 0.04375 0.0537037
0 0.743229 0.175 0.040625 0.0574074
0 0.457292 0.188889 0.0375 0.0555556
0 0.846354 0.191667 0.0489583 0.0574074
0 0.51875 0.175 0.0354167 0.0537037
0 0.797396 0.222222 0.0510417 0.0740741
0 0.651042 0.192593 0.0375 0.0555556
0 0.630729 0.137963 0.0302083 0.0425926
0 0.147917 0.373148 0.09375 0.138889
0 0.714583 0.217593 0.0458333 0.0648148
0 0.486458 0.25463 0.0458333 0.0722222
0 0.770833 0.259259 0.0458333 0.0703704
0 0.702604 0.439815 0.078125 0.157407
0 0.394271 0.30463 0.053125 0.0833333
0 0.653646 0.253704 0.0447917 0.0703704
0 0.765104 0.350926 0.0677083 0.0944444
0 0.451042 0.37037 0.0666667 0.125926
0 0.269792 0.35463 0.075 0.0981481
0 0.123958 0.571296 0.145833 0.22037
0 0.928646 0.405556 0.0885417 0.107407
0 0.271875 0.888889 0.175 0.218519
0 0.109896 0.862963 0.186458 0.27037
