0 0.405729 0.189815 0.034375 0.05
0 0.680208 0.163889 0.03125 0.0462963
0 0.390625 0.153704 0.0229167 0.0333333
0 0.753125 0.158333 0.03125 0.0425926
0 0.611979 0.147222 0.0260417 0.0388889
0 0.630729 0.211111 0.0385417 0.0592593
0 0.00833333 0.559259 0.0166667 0.125926
0 0.499479 0.244444 0.0364583 0.0592593
0 0.327083 0.307407 0.05 0.0703704
0 0.649479 0.294444 0.046875 0.0777778
0 0.744792 0.324074 0.0604167 0.0888889
0 0.39375 0.314815 0.05 0.0740741
0 0.483854 0.333333 0.0510417 0.0814815
0 0.267188 0.385185 0.071875 0.0925926
0 0.3625 0.402778 0.0729167 0.101852
0 0.896875 0.411111 0.0770833 0.0962963
0 0.722396 0.603704 0.107292 0.188889
0 0.075 0.884259 0.15 0.22037
0 0.405208 0.594444 0.0979167 0.188889
