0 0.183333 0.152778 0.0166667 0.0203704
0 0.171875 0.206481 0.0229167 0.0277778
0 0.294792 0.187037 0.0229167 0.0296296
0 0.829687 0.302778 0.071875 0.0425926
0 0.604688 0.242593 0.046875 0.037037
0 0.0276042 0.371296 0.053125 0.087037
0 0.919271 0.327778 0.0989583 0.0666667
0 0.561458 0.228704 0.05 0.0388889
0 0.652604 0.25 0.053125 0.0481481
0 0.0479167 0.289815 0.0354167 0.0648148
0 0.711979 0.262037 0.0677083 0.0574074
0 0.0369792 0.227778 0.0260417 0.0407407
0 0.770312 0.391667 0.130208 0.0796296
0 0.229167 0.246296 0.0416667 0.0481481
0 0.847396 0.376852 0.090625 0.0833333
0 0.902083 0.572222 0.195833 0.244444
0 0.827083 0.636111 0.208333 0.209259
