0 0.296875 0.0805556 0.0479167 0.05
0 0.0630208 0.0444444 0.0239583 0.0296296
0 0.0510417 0.0648148 0.0291667 0.0444444
0 0.0442708 0.114815 0.0364583 0.0518519
0 0.360938 0.075 0.0427083 0.0462963
0 0.459896 0.175 0.0635417 0.0537037
0 0.451042 0.110185 0.05625 0.0537037
0 0.929688 0.796296 0.138542 0.318519
0 0.209375 0.150926 0.0479167 0.0648148
0 0.310937 0.230556 0.071875 0.112963
0 0.133854 0.149074 0.0447917 0.0611111
0 0.0921875 0.237963 0.059375 0.0833333
0 0.174479 0.207407 0.0572917 0.0777778
0 0.521354 0.17037 0.0802083 0.0740741
0 0.671875 0.160185 0.0770833 0.0685185
0 0.791146 0.349074 0.123958 0.0944444
