0 0.608854 0.236111 0.0489583 0.0574074
0 0.0682292 0.148148 0.0177083 0.0222222
0 0.964063 0.474074 0.071875 0.0851852
0 0.468229 0.208333 0.0510417 0.0388889
0 0.817708 0.291667 0.09375 0.0685185
0 0.244792 0.192593 0.0333333 0.0333333
0 0.744271 0.275 0.090625 0.0574074
0 0.938542 0.324074 0.1 0.0666667
0 0.402604 0.240741 0.0572917 0.0518519
0 0.0927083 0.212963 0.0333333 0.0407407
0 0.514063 0.293519 0.0927083 0.0759259
0 0.721875 0.385185 0.122917 0.0888889
0 0.571875 0.483333 0.170833 0.177778
