0 0.885938 0.0212963 0.0197917 0.0314815
0 0.727604 0.0407407 0.0260417 0.0481481
0 0.604688 0.127778 0.0427083 0.0481481
0 0.983333 0.037963 0.025 0.0351852
0 0.621354 0.184259 0.0614583 0.0796296
0 0.534375 0.15 0.0479167 0.0481481
0 0.965625 0.651852 0.06875 0.214815
0 0.025 0.561111 0.05 0.111111
0 0.779167 0.167593 0.0458333 0.0537037
0 0.533333 0.211111 0.0708333 0.0740741
0 0.982292 0.197222 0.0354167 0.0685185
0 0.889063 0.246296 0.0572917 0.0814815
0 0.690625 0.480556 0.10625 0.15
0 0.434375 0.351852 0.108333 0.114815
0 0.344271 0.364815 0.109375 0.114815
0 0.339063 0.271296 0.0802083 0.0796296
