0 0.0447917 0.0805556 0.0854167 0.0833333
0 0.0114583 0.108333 0.0229167 0.0314815
0 0.825 0.185185 0.025 0.0407407
0 0.969271 0.109259 0.015625 0.0333333
0 0.0661458 0.103704 0.113542 0.0481481
0 0.680208 0.188889 0.0375 0.0555556
0 0.622917 0.203704 0.0395833 0.0407407
0 0.883854 0.152778 0.0239583 0.0351852
0 0.6625 0.235185 0.05 0.0666667
0 0.853646 0.214815 0.0302083 0.0518519
0 0.973437 0.237037 0.0364583 0.0555556
0 0.744271 0.307407 0.053125 0.0703704
0 0.484375 0.32037 0.0708333 0.0740741
0 0.613021 0.711111 0.144792 0.237037
0 0.324479 0.339815 0.0864583 0.0944444
0 0.123958 0.492593 0.147917 0.155556
0 0.090625 0.708333 0.18125 0.224074
