0 0.701563 0.158333 0.028125 0.0314815
0 0.663542 0.199074 0.0375 0.0425926
0 0.850521 0.140741 0.0239583 0.037037
0 0.0104167 0.107407 0.0208333 0.0296296
0 0.595833 0.193519 0.0416667 0.0462963
0 0.0713542 0.102778 0.103125 0.0462963
0 0.892187 0.142593 0.0197917 0.0296296
0 0.927083 0.146296 0.0208333 0.0333333
0 0.970312 0.153704 0.021875 0.0333333
0 0.854688 0.206481 0.0322917 0.05
0 0.48125 0.323148 0.06875 0.0981481
0 0.545833 0.239815 0.05 0.0574074
0 0.7625 0.267593 0.0458333 0.0611111
0 0.564062 0.314815 0.065625 0.0814815
0 0.780208 0.364815 0.05625 0.0925926
0 0.973958 0.513889 0.0520833 0.131481
0 0.409896 0.449074 0.111458 0.109259
0 0.195312 0.407407 0.096875 0.1
0 0.196354 0.522222 0.136458 0.12963
0 0.518229 0.636111 0.140625 0.172222
