0 0.990625 0.247222 0.01875 0.05
0 0.853646 0.146296 0.059375 0.0555556
0 0.320833 0.137963 0.0354167 0.0462963
0 0.065625 0.277778 0.0458333 0.0703704
0 0.940104 0.197222 0.0614583 0.0648148
0 0.950521 0.151852 0.0739583 0.062963
0 0.607813 0.0824074 0.0197917 0.0351852
0 0.278646 0.173148 0.028125 0.0425926
0 0.295833 0.162963 0.025 0.0444444
0 0.0651042 0.355556 0.034375 0.0814815
0 0.677083 0.127778 0.03125 0.0444444
0 0.194271 0.219444 0.040625 0.0759259
0 0.263542 0.187037 0.03125 0.0481481
0 0.971875 0.215741 0.05625 0.0722222
0 0.233854 0.209259 0.0447917 0.062963
0 0.158333 0.214815 0.05 0.0592593
0 0.0916667 0.32037 0.0625 0.0851852
0 0.595312 0.188889 0.0364583 0.0592593
0 0.126563 0.287037 0.053125 0.0703704
0 0.615625 0.247222 0.0458333 0.0759259
0 0.669271 0.5 0.101042 0.151852
0 0.699479 0.291667 0.0614583 0.0981481
