0 0.640625 0.256481 0.0375 0.0425926
0 0.857813 0.173148 0.040625 0.0314815
0 0.608333 0.268519 0.0416667 0.0407407
0 0.944792 0.166667 0.0125 0.0185185
0 0.570833 0.282407 0.0479167 0.0462963
0 0.975521 0.211111 0.021875 0.0296296
0 0.528646 0.298148 0.053125 0.0444444
0 0.409375 0.338889 0.0770833 0.0666667
0 0.944271 0.242593 0.0260417 0.037037
0 0.960938 0.294444 0.0364583 0.0555556
0 0.170312 0.390741 0.059375 0.0592593
0 0.853125 0.283333 0.0458333 0.0555556
0 0.261458 0.408333 0.09375 0.0796296
0 0.904167 0.298148 0.0375 0.062963
0 0.803125 0.442593 0.0520833 0.0962963
0 0.071875 0.573148 0.14375 0.135185
0 0.561979 0.360185 0.071875 0.0833333
0 0.690625 0.599074 0.1125 0.164815
0 0.266667 0.861111 0.26875 0.27037
