0 0.249479 0.17037 0.046875 0.0666667
0 0.307813 0.175 0.059375 0.0611111
0 0.551042 0.0546296 0.0270833 0.05
0 0.339583 0.15463 0.0375 0.0611111
0 0.247917 0.24537 0.0520833 0.087037
0 0.624479 0.0435185 0.0260417 0.05
0 0.788021 0.062963 0.0302083 0.0444444
0 0.825 0.0851852 0.04375 0.0592593
0 0.551042 0.0990741 0.03125 0.0462963
0 0.763021 0.0851852 0.0364583 0.0518519
0 0.59375 0.0722222 0.03125 0.0481481
0 0.226042 0.275926 0.0708333 0.0851852
0 0.641667 0.0759259 0.03125 0.0481481
0 0.9875 0.35 0.025 0.0888889
0 0.864062 0.190741 0.0614583 0.0777778
0 0.185417 0.327778 0.0770833 0.111111
0 0.0854167 0.430556 0.0916667 0.101852
0 0.0421875 0.511111 0.084375 0.17037
0 0.134896 0.378704 0.090625 0.12037
0 0.103125 0.569444 0.13125 0.198148
0 0.685417 0.651852 0.13125 0.248148
