0 0.903125 0.133333 0.01875 0.0296296
0 0.742708 0.156481 0.0291667 0.0351852
0 0.0104167 0.111111 0.0208333 0.0333333
0 0.677604 0.169444 0.028125 0.0388889
0 0.703125 0.183333 0.03125 0.037037
0 0.885938 0.168519 0.0239583 0.0296296
0 0.85 0.159259 0.0229167 0.0333333
0 0.0791667 0.105556 0.0875 0.0407407
0 0.726042 0.325 0.0583333 0.0796296
0 0.81875 0.2 0.0291667 0.0407407
0 0.970833 0.223148 0.03125 0.0462963
0 0.928646 0.17037 0.0260417 0.0444444
0 0.919792 0.257407 0.0354167 0.0555556
0 0.548958 0.219444 0.0458333 0.05
0 0.421354 0.425 0.113542 0.135185
0 0.796875 0.356481 0.05625 0.0796296
0 0.358854 0.842593 0.217708 0.274074
