0 0.3875 0.101852 0.03125 0.0481481
0 0.394792 0.0925926 0.0333333 0.0518519
0 0.773958 0.0111111 0.025 0.0222222
0 0.416667 0.0759259 0.0291667 0.0444444
0 0.966146 0.0824074 0.0447917 0.0462963
0 0.934375 0.0731481 0.0229167 0.0388889
0 0.371354 0.12037 0.0364583 0.0518519
0 0.240625 0.17963 0.04375 0.062963
0 0.983333 0.489815 0.0333333 0.138889
0 0.352083 0.14537 0.0375 0.0574074
0 0.333333 0.166667 0.0375 0.0592593
0 0.3 0.184259 0.0583333 0.0611111
0 0.240625 0.25463 0.0520833 0.0759259
0 0.658854 0.0287037 0.0239583 0.0388889
0 0.0380208 0.527778 0.0760417 0.181481
0 0.219271 0.292593 0.0739583 0.0962963
0 0.078125 0.453704 0.0875 0.133333
0 0.830729 0.109259 0.0427083 0.062963
0 0.127604 0.392593 0.0885417 0.125926
0 0.813542 0.213889 0.0625 0.0759259
0 0.180208 0.335185 0.0791667 0.1
