0 0.741667 0.062963 0.0291667 0.037037
0 0.709896 0.116667 0.040625 0.0481481
0 0.981771 0.012963 0.0177083 0.0222222
0 0.644792 0.0925926 0.0395833 0.062963
0 0.842708 0.0787037 0.0291667 0.0388889
0 0.982813 0.087963 0.0302083 0.0425926
0 0.579687 0.114815 0.040625 0.0444444
0 0.925 0.0916667 0.0291667 0.0425926
0 0.976562 0.180556 0.040625 0.0685185
0 0.840625 0.171296 0.04375 0.0611111
0 0.457812 0.198148 0.0552083 0.0555556
0 0.149479 0.414815 0.119792 0.118519
0 0.748438 0.268519 0.059375 0.0814815
0 0.588021 0.430556 0.115625 0.142593
0 0.25 0.507407 0.158333 0.2
0 0.418229 0.314815 0.090625 0.0962963
0 0.388542 0.275 0.08125 0.0833333
0 0.139583 0.518519 0.16875 0.166667
