0 0.009375 0.0824074 0.01875 0.0351852
0 0.200521 0.062963 0.034375 0.037037
0 0.802083 0.0833333 0.0583333 0.0555556
0 0.9125 0.0777778 0.0541667 0.0851852
0 0.679688 0.0851852 0.0385417 0.0592593
0 0.833333 0.190741 0.110417 0.0777778
0 0.757812 0.0833333 0.053125 0.0666667
0 0.451042 0.0342593 0.0645833 0.0425926
0 0.0520833 0.087963 0.0270833 0.0314815
0 0.0994792 0.108333 0.0322917 0.0425926
0 0.669271 0.437963 0.171875 0.142593
0 0.230729 0.166667 0.059375 0.0666667
0 0.348437 0.214815 0.0822917 0.0777778
0 0.552604 0.293519 0.136458 0.12037
