0 0.290104 0.141667 0.0447917 0.0685185
0 0.367708 0.124074 0.0416667 0.0518519
0 0.725521 0.0425926 0.053125 0.0444444
0 0.227604 0.241667 0.084375 0.087037
0 0.180208 0.289815 0.0395833 0.0981481
0 0.389062 0.10463 0.034375 0.05
0 0.743229 0.0333333 0.0322917 0.0444444
0 0.528646 0.311111 0.090625 0.214815
0 0.266146 0.207407 0.0572917 0.0666667
0 0.338021 0.144444 0.0572917 0.062963
0 0.0333333 0.437963 0.0666667 0.109259
0 0.795313 0.0509259 0.034375 0.0537037
0 0.714063 0.0509259 0.0322917 0.0462963
0 0.644792 0.0675926 0.0333333 0.0574074
0 0.650521 0.107407 0.0364583 0.062963
0 0.445833 0.172222 0.0666667 0.0703704
0 0.0833333 0.378704 0.0791667 0.0944444
0 0.593229 0.102778 0.0427083 0.0685185
0 0.858333 0.0740741 0.04375 0.0703704
0 0.585417 0.221296 0.0520833 0.0944444
0 0.140104 0.335185 0.084375 0.107407
0 0.473437 0.201852 0.053125 0.0777778
0 0.807813 0.10463 0.046875 0.0648148
0 0.464063 0.67037 0.138542 0.266667
