0 0.985417 0.119444 0.0291667 0.0574074
0 0.600521 0.0490741 0.028125 0.0425926
0 0.4875 0.127778 0.0291667 0.0481481
0 0.265625 0.159259 0.0458333 0.0518519
0 0.0604167 0.328704 0.0354167 0.0796296
0 0.154167 0.191667 0.05 0.0611111
0 0.95 0.133333 0.0791667 0.0666667
0 0.436458 0.134259 0.0333333 0.05
0 0.120833 0.264815 0.0583333 0.0740741
0 0.989583 0.225926 0.0208333 0.0444444
0 0.201042 0.197222 0.0583333 0.0648148
0 0.588542 0.139815 0.0375 0.0722222
0 0.661979 0.162037 0.040625 0.0537037
0 0.671354 0.212037 0.0552083 0.0907407
0 0.938021 0.177778 0.0635417 0.062963
0 0.0854167 0.29537 0.0729167 0.0833333
0 0.367188 0.199074 0.053125 0.0648148
0 0.878646 0.149074 0.0697917 0.0574074
0 0.470313 0.162963 0.0364583 0.0592593
0 0.509896 0.218519 0.0447917 0.0888889
0 0.969792 0.2 0.0604167 0.0703704
0 0.333854 0.312963 0.065625 0.1
0 0.667708 0.278704 0.0541667 0.087037
0 0.492188 0.369444 0.0822917 0.175926
0 0.150521 0.849074 0.194792 0.294444
0 0.352083 0.435185 0.0895833 0.144444
0 0.465625 0.641667 0.116667 0.216667
0 0.894792 0.625926 0.152083 0.203704
0 0.748958 0.351852 0.0791667 0.111111
