0 0.0869792 0.10463 0.0197917 0.0277778
0 0.529167 0.15 0.0354167 0.0555556
0 0.292708 0.106481 0.0291667 0.0351852
0 0.589583 0.162963 0.0354167 0.0518519
0 0.971354 0.132407 0.0552083 0.0759259
0 0.742188 0.193519 0.084375 0.0648148
0 0.00625 0.137963 0.0125 0.0314815
0 0.890104 0.238889 0.113542 0.0814815
0 0.0578125 0.155556 0.0302083 0.0407407
0 0.134375 0.14537 0.03125 0.0351852
0 0.242188 0.17037 0.046875 0.0555556
0 0.124479 0.261111 0.0572917 0.0740741
0 0.180729 0.391667 0.0885417 0.124074
0 0.381771 0.230556 0.0677083 0.0685185
0 0.723437 0.37963 0.182292 0.111111
0 0.770312 0.518519 0.255208 0.2
0 0.726562 0.743519 0.288542 0.32037
