0 0.250521 0.375926 0.0385417 0.0592593
0 0.827083 0.375926 0.0354167 0.0481481
0 0.334375 0.284259 0.0354167 0.0425926
0 0.316146 0.289815 0.034375 0.0425926
0 0.05625 0.383333 0.05 0.0407407
0 0.769271 0.337963 0.0364583 0.0388889
0 0.246354 0.337963 0.0427083 0.0388889
0 0.271354 0.325926 0.0385417 0.0481481
0 0.297396 0.306481 0.0364583 0.0462963
0 0.015625 0.534259 0.03125 0.0833333
0 0.592708 0.273148 0.01875 0.0314815
0 0.977083 0.505556 0.0458333 0.0666667
0 0.855729 0.400926 0.0552083 0.0537037
0 0.902083 0.426852 0.08125 0.0796296
0 0.480729 0.240741 0.015625 0.0259259
0 0.934375 0.467593 0.0625 0.0833333
0 0.986979 0.555556 0.0260417 0.0814815
0 0.555729 0.338889 0.0302083 0.0444444
0 0.117708 0.432407 0.08125 0.0944444
0 0.214583 0.363889 0.0479167 0.0537037
