0 0.816146 0.0435185 0.0635417 0.0759259
0 0.782812 0.192593 0.0614583 0.0703704
0 0.618229 0.331481 0.190625 0.17037
0 0.165104 0.17963 0.0635417 0.0407407
0 0.148958 0.180556 0.03125 0.0351852
0 0.490625 0.281481 0.08125 0.0740741
0 0.239063 0.150926 0.0364583 0.0351852
0 0.269271 0.140741 0.034375 0.037037
0 0.694271 0.137037 0.053125 0.0518519
0 0.0614583 0.955556 0.120833 0.0888889
0 0.753125 0.0518519 0.0479167 0.0555556
0 0.511458 0.514815 0.154167 0.196296
0 0.3 0.433333 0.0875 0.0814815
0 0.0557292 0.213889 0.0635417 0.05
0 0.946875 0.15463 0.075 0.0833333
0 0.285937 0.327778 0.0822917 0.0962963
0 0.939583 0.318519 0.0958333 0.125926
0 0.53125 0.939815 0.235417 0.116667
0 0.357292 0.847222 0.229167 0.246296
