0 0.567708 0.0962963 0.025 0.0296296
0 0.594792 0.12963 0.0229167 0.037037
0 0.492188 0.57963 0.111458 0.259259
0 0.194271 0.333333 0.107292 0.0925926
0 0.698438 0.0953704 0.0197917 0.0388889
0 0.155729 0.37963 0.0364583 0.0925926
0 0.234896 0.322222 0.040625 0.0703704
0 0.952604 0.160185 0.034375 0.0537037
0 0.245833 0.303704 0.0479167 0.0703704
0 0.319271 0.241667 0.065625 0.0648148
0 0.557813 0.137963 0.021875 0.0351852
0 0.385938 0.237963 0.0489583 0.0574074
0 0.585938 0.158333 0.034375 0.0574074
0 0.630729 0.138889 0.0260417 0.0407407
0 0.970833 0.168519 0.0520833 0.0555556
0 0.0203125 0.509259 0.040625 0.0814815
0 0.565625 0.200926 0.0354167 0.0574074
0 0.58125 0.232407 0.0395833 0.0685185
0 0.323958 0.290741 0.0479167 0.0740741
0 0.0588542 0.460185 0.0802083 0.0944444
0 0.115104 0.419444 0.0864583 0.105556
0 0.427083 0.286111 0.0895833 0.0759259
0 0.495313 0.374074 0.065625 0.103704
