0 0.563021 0.0675926 0.0260417 0.0574074
0 0.258333 0.225926 0.0604167 0.0814815
0 0.625521 0.0981481 0.0427083 0.0666667
0 0.632812 0.037037 0.028125 0.037037
0 0.258333 0.152778 0.05 0.0537037
0 0.798437 0.0759259 0.0364583 0.0518519
0 0.599479 0.0462963 0.028125 0.0407407
0 0.753125 0.0481481 0.0375 0.0592593
0 0.554167 0.110185 0.0354167 0.0574074
0 0.594792 0.200926 0.05 0.0907407
0 0.845833 0.143519 0.0520833 0.0685185
0 0.50625 0.163889 0.05625 0.0722222
0 0.0921875 0.430556 0.090625 0.135185
0 0.231771 0.272222 0.071875 0.0962963
0 0.141146 0.371296 0.090625 0.12037
0 0.616146 0.259259 0.0697917 0.144444
0 0.190625 0.318519 0.08125 0.111111
0 0.746875 0.289815 0.0875 0.135185
0 0.0161458 0.737037 0.0322917 0.159259
0 0.0432292 0.502778 0.0864583 0.168519
0 0.696875 0.689815 0.1375 0.253704
0 0.628125 0.431481 0.1 0.151852
