0 0.378125 0.147222 0.0375 0.0351852
0 0.8625 0.135185 0.0791667 0.0555556
0 0.895833 0.235185 0.102083 0.0703704
0 0.316146 0.136111 0.0364583 0.0388889
0 0.833854 0.136111 0.0697917 0.0611111
0 0.515104 0.0916667 0.065625 0.0462963
0 0.0869792 0.131481 0.0197917 0.0259259
0 0.420833 0.15 0.0541667 0.0407407
0 0.21875 0.151852 0.0291667 0.0333333
0 0.595833 0.180556 0.0458333 0.0537037
0 0.55625 0.169444 0.06875 0.0574074
0 0.151042 0.185185 0.03125 0.0296296
0 0.009375 0.15463 0.0166667 0.0277778
0 0.978646 0.138889 0.0427083 0.0814815
0 0.0369792 0.198148 0.028125 0.0407407
0 0.754167 0.211111 0.0875 0.0740741
0 0.176563 0.278704 0.053125 0.0722222
0 0.114063 0.319444 0.0635417 0.0796296
