0 0.372917 0.117593 0.0520833 0.0462963
0 0.839583 0.218519 0.0916667 0.0703704
0 0.46875 0.0648148 0.075 0.0481481
0 0.819792 0.117593 0.0708333 0.0574074
0 0.0171875 0.191667 0.034375 0.0537037
0 0.778646 0.117593 0.0552083 0.0574074
0 0.5125 0.141667 0.0708333 0.0611111
0 0.0109375 0.0842593 0.0197917 0.0277778
0 0.929688 0.123148 0.0510417 0.0833333
0 0.10625 0.105556 0.03125 0.0296296
0 0.55 0.153704 0.05 0.0555556
0 0.0229167 0.241667 0.0458333 0.0685185
0 0.131771 0.136111 0.0364583 0.0425926
0 0.70625 0.187963 0.0854167 0.0685185
0 0.271354 0.199074 0.071875 0.0833333
0 0.564583 0.324074 0.1375 0.114815
0 0.417188 0.836111 0.259375 0.32037
