0 0.584375 0.24537 0.0875 0.0351852
0 0.0911458 0.258333 0.0177083 0.0425926
0 0.028125 0.376852 0.0541667 0.0944444
0 0.0119792 0.515741 0.0239583 0.105556
0 0.0385417 0.22963 0.0270833 0.0555556
0 0.563021 0.238889 0.0510417 0.037037
0 0.193229 0.166667 0.015625 0.0222222
0 0.1125 0.302778 0.0145833 0.0462963
0 0.0505208 0.297222 0.034375 0.0611111
0 0.654688 0.259259 0.0552083 0.0518519
0 0.327604 0.206481 0.0322917 0.0388889
0 0.486979 0.302778 0.0697917 0.0574074
0 0.714583 0.27037 0.0708333 0.0592593
0 0.920833 0.335185 0.0979167 0.0703704
0 0.186458 0.223148 0.03125 0.0351852
0 0.840104 0.312963 0.0885417 0.0592593
0 0.390104 0.352778 0.071875 0.0759259
0 0.394271 0.302778 0.071875 0.0759259
