0 0.366667 0.112963 0.0395833 0.0555556
0 0.297396 0.175 0.059375 0.0611111
0 0.238542 0.171296 0.0458333 0.0685185
0 0.351042 0.131481 0.0375 0.0592593
0 0.683333 0.0166667 0.0229167 0.0333333
0 0.238021 0.248148 0.0510417 0.0851852
0 0.331771 0.151852 0.0385417 0.0555556
0 0.695833 0.0361111 0.025 0.0351852
0 0.71875 0.0527778 0.0291667 0.0462963
0 0.217708 0.27963 0.0666667 0.0962963
0 0.770312 0.10463 0.0427083 0.0574074
0 0.0760417 0.440741 0.0895833 0.133333
0 0.796875 0.0833333 0.0416667 0.0518519
0 0.721875 0.10463 0.0375 0.0574074
0 0.0359375 0.512963 0.071875 0.174074
0 0.124479 0.380556 0.090625 0.124074
0 0.176042 0.327778 0.08125 0.114815
0 0.878646 0.20463 0.065625 0.0833333
