0 0.531771 0.103704 0.0260417 0.0407407
0 0.266146 0.169444 0.0364583 0.05
0 0.498958 0.0824074 0.0229167 0.05
0 0.204167 0.207407 0.0625 0.062963
0 0.158854 0.2 0.053125 0.062963
0 0.95 0.137963 0.075 0.0611111
0 0.482812 0.133333 0.0302083 0.0481481
0 0.858333 0.137037 0.0541667 0.0592593
0 0.631771 0.122222 0.0322917 0.062963
0 0.126042 0.27037 0.0520833 0.0703704
0 0.0885417 0.302778 0.0708333 0.087037
0 0.940104 0.185185 0.0635417 0.062963
0 0.422917 0.148148 0.0395833 0.0888889
0 0.990104 0.234259 0.0197917 0.0425926
0 0.513542 0.225 0.0458333 0.0759259
0 0.460938 0.175926 0.0385417 0.0592593
0 0.655729 0.152778 0.040625 0.0722222
0 0.970833 0.207407 0.0583333 0.0666667
0 0.425521 0.274074 0.0572917 0.0888889
0 0.703125 0.237037 0.0520833 0.0814815
0 0.428125 0.894444 0.18125 0.203704
0 0.384375 0.231481 0.05 0.0740741
0 0.741146 0.602778 0.132292 0.212963
0 0.0916667 0.768519 0.154167 0.255556
0 0.358333 0.44537 0.0916667 0.146296
0 0.316667 0.358333 0.08125 0.116667
