0 0.540104 0.075 0.0427083 0.0425926
0 0.0661458 0.0740741 0.0177083 0.0185185
0 0.839583 0.121296 0.0854167 0.0648148
0 0.380729 0.113889 0.040625 0.0425926
0 0.270312 0.0935185 0.034375 0.0351852
0 0.519792 0.0666667 0.06875 0.0444444
0 0.907812 0.231481 0.111458 0.0814815
0 0.0875 0.0935185 0.01875 0.0240741
0 0.179688 0.124074 0.0447917 0.0666667
0 0.316146 0.10463 0.034375 0.0351852
0 0.324479 0.198148 0.0677083 0.0851852
0 0.980208 0.125926 0.0395833 0.0814815
0 0.754687 0.194444 0.0864583 0.0777778
0 0.145313 0.262037 0.0552083 0.0796296
0 0.83125 0.793519 0.333333 0.398148
