0 0.482812 0.22037 0.009375 0.0222222
0 0.327604 0.289815 0.0447917 0.0537037
0 0.0536458 0.385185 0.046875 0.0481481
0 0.767708 0.343519 0.0375 0.0537037
0 0.820312 0.371296 0.0489583 0.0574074
0 0.295312 0.308333 0.034375 0.0425926
0 0.986458 0.552778 0.0270833 0.0833333
0 0.976042 0.508333 0.0479167 0.0796296
0 0.271354 0.326852 0.0364583 0.0462963
0 0.854167 0.401852 0.05625 0.0555556
0 0.900521 0.426852 0.0802083 0.0833333
0 0.943229 0.469444 0.090625 0.087037
0 0.113542 0.434259 0.0833333 0.0907407
0 0.59375 0.286111 0.0229167 0.0351852
0 0.634896 0.803704 0.111458 0.211111
0 0.24375 0.34537 0.04375 0.05
0 0.0130208 0.534259 0.0260417 0.0833333
0 0.2125 0.365741 0.0479167 0.0537037
