0 0.165625 0.202778 0.0354167 0.0425926
0 0.238021 0.175926 0.034375 0.0481481
0 0.839583 0.158333 0.09375 0.0611111
0 0.05 0.185185 0.0229167 0.0296296
0 0.5125 0.108333 0.0708333 0.0425926
0 0.896354 0.262037 0.107292 0.0796296
0 0.04375 0.317593 0.0875 0.183333
0 0.301562 0.207407 0.0489583 0.0555556
0 0.591146 0.198148 0.0489583 0.0555556
0 0.974479 0.159259 0.0489583 0.0851852
0 0.196875 0.302778 0.0625 0.0796296
0 0.749479 0.230556 0.0885417 0.0722222
0 0.101562 0.3 0.0552083 0.0740741
0 0.676042 0.481481 0.170833 0.140741
0 0.185937 0.377778 0.0739583 0.1
0 0.442708 0.290741 0.0979167 0.0851852
0 0.371875 0.655556 0.1625 0.237037
