0 0.569792 0.012037 0.0208333 0.0240741
0 0.73125 0.0861111 0.03125 0.0574074
0 0.8125 0.176852 0.0479167 0.0611111
0 0.402604 0.175926 0.028125 0.062963
0 0.236979 0.211111 0.0510417 0.0666667
0 0.753646 0.112963 0.0322917 0.0518519
0 0.364062 0.15 0.0385417 0.0481481
0 0.346354 0.177778 0.0385417 0.0555556
0 0.330208 0.192593 0.0395833 0.0555556
0 0.560938 0.116667 0.028125 0.037037
0 0.294792 0.217593 0.0604167 0.0611111
0 0.580208 0.0462963 0.01875 0.0296296
0 0.792708 0.131481 0.0416667 0.0666667
0 0.601042 0.0675926 0.0229167 0.0351852
0 0.235417 0.287963 0.05 0.0833333
0 0.808854 0.214815 0.059375 0.0888889
0 0.559375 0.0740741 0.0208333 0.0296296
0 0.211979 0.321296 0.065625 0.0907407
0 0.558333 0.158333 0.0354167 0.0574074
0 0.0713542 0.482407 0.0927083 0.135185
0 0.172917 0.369444 0.08125 0.112963
0 0.0333333 0.555556 0.0666667 0.17037
0 0.954687 0.305556 0.0802083 0.0962963
0 0.883333 0.365741 0.09375 0.131481
0 0.716667 0.336111 0.06875 0.109259
0 0.121875 0.422222 0.0895833 0.122222
0 0.582292 0.39537 0.0791667 0.127778
