0 0.825521 0.0833333 0.0239583 0.0407407
0 0.906771 0.0111111 0.015625 0.0185185
0 0.933333 0.0388889 0.0208333 0.0296296
0 0.626562 0.191667 0.053125 0.0574074
0 0.642187 0.15 0.0447917 0.0444444
0 0.580729 0.123148 0.0385417 0.0425926
0 0.905729 0.121296 0.0322917 0.0537037
0 0.877083 0.0787037 0.0270833 0.0388889
0 0.454167 0.19537 0.0583333 0.0685185
0 0.822396 0.178704 0.040625 0.0611111
0 0.495833 0.207407 0.0583333 0.0592593
0 0.186458 0.413889 0.0979167 0.0796296
0 0.935417 0.925 0.129167 0.146296
0 0.133854 0.50463 0.140625 0.172222
0 0.757812 0.364815 0.0760417 0.103704
0 0.434375 0.925 0.19375 0.142593
0 0.46875 0.275 0.0770833 0.0833333
0 0.678646 0.307407 0.071875 0.0888889
0 0.840625 0.516667 0.0958333 0.17037
