0 0.656771 0.125 0.028125 0.0462963
0 0.535937 0.139815 0.0239583 0.0388889
0 0.490625 0.140741 0.025 0.037037
0 0.379687 0.158333 0.0322917 0.0648148
0 0.401042 0.211111 0.0333333 0.0666667
0 0.521354 0.175926 0.0322917 0.0518519
0 0.795313 0.171296 0.0364583 0.05
0 0.746354 0.181481 0.034375 0.0481481
0 0.469792 0.184259 0.0333333 0.0462963
0 0.309896 0.239815 0.046875 0.0574074
0 0.472917 0.338889 0.05625 0.122222
0 0.449479 0.222222 0.0364583 0.0592593
0 0.688542 0.175926 0.0354167 0.0481481
0 0.725 0.222222 0.0395833 0.0555556
0 0.648438 0.239815 0.0385417 0.0611111
0 0.397917 0.318519 0.05625 0.0962963
0 0.311979 0.863889 0.155208 0.264815
0 0.146354 0.417593 0.0864583 0.105556
0 0.25625 0.585185 0.114583 0.159259
0 0.084375 0.627778 0.129167 0.166667
