0 0.291146 0.147222 0.0322917 0.0425926
0 0.533854 0.0712963 0.021875 0.0351852
0 0.940104 0.185185 0.0635417 0.062963
0 0.951042 0.136111 0.075 0.0611111
0 0.585417 0.147222 0.0395833 0.0574074
0 0.264583 0.17037 0.0354167 0.0481481
0 0.85625 0.134259 0.0583333 0.0611111
0 0.520833 0.0990741 0.025 0.0388889
0 0.990104 0.231481 0.0197917 0.0444444
0 0.480729 0.130556 0.0302083 0.0462963
0 0.239063 0.189815 0.0427083 0.0537037
0 0.0645833 0.339815 0.0333333 0.0759259
0 0.158333 0.2 0.0520833 0.0592593
0 0.696875 0.142593 0.0375 0.0555556
0 0.970833 0.205556 0.0583333 0.0666667
0 0.489062 0.193519 0.046875 0.0833333
0 0.594792 0.184259 0.04375 0.0722222
0 0.327604 0.22963 0.0614583 0.0740741
0 0.203646 0.209259 0.0572917 0.0592593
0 0.126042 0.273148 0.0520833 0.0722222
0 0.0901042 0.305556 0.0697917 0.0851852
0 0.670833 0.198148 0.0458333 0.0740741
0 0.751562 0.307407 0.0697917 0.103704
0 0.471875 0.458333 0.0854167 0.157407
0 0.779688 0.40463 0.103125 0.153704
0 0.502604 0.27037 0.053125 0.0888889
0 0.928646 0.85 0.142708 0.281481
0 0.155208 0.848148 0.197917 0.296296
