0 0.0541667 0.396296 0.0479167 0.0444444
0 0.0625 0.421296 0.0458333 0.0722222
0 0.30625 0.308333 0.03125 0.0425926
0 0.789062 0.366667 0.0364583 0.0481481
0 0.976562 0.576852 0.046875 0.0907407
0 0.819792 0.386111 0.0458333 0.0537037
0 0.767708 0.35 0.0333333 0.0407407
0 0.29375 0.317593 0.0333333 0.0388889
0 0.975 0.515741 0.05 0.0648148
0 0.853125 0.412037 0.0583333 0.0537037
0 0.269792 0.337037 0.0375 0.0444444
0 0.944792 0.482407 0.0875 0.087037
0 0.899479 0.442593 0.0822917 0.0814815
0 0.0119792 0.541667 0.0239583 0.0722222
0 0.242708 0.356481 0.0416667 0.0537037
0 0.1125 0.446296 0.0854167 0.0925926
0 0.706771 0.453704 0.0635417 0.0888889
0 0.616667 0.419444 0.05 0.0685185
0 0.211458 0.376852 0.05 0.0537037
