0 0.778125 0.0388889 0.03125 0.0444444
0 0.226562 0.243519 0.084375 0.087037
0 0.990625 0.0648148 0.01875 0.0444444
0 0.646875 0.102778 0.0375 0.05
0 0.334375 0.147222 0.0583333 0.0611111
0 0.265625 0.212963 0.0520833 0.0703704
0 0.176042 0.294444 0.0395833 0.1
0 0.595312 0.0703704 0.046875 0.0740741
0 0.919792 0.243519 0.09375 0.15
0 0.589063 0.125926 0.0427083 0.0666667
0 0.03125 0.440741 0.0625 0.107407
0 0.0817708 0.37963 0.0822917 0.0888889
0 0.136979 0.335185 0.084375 0.103704
0 0.554688 0.178704 0.053125 0.0944444
0 0.419792 0.175926 0.0729167 0.0740741
0 0.472396 0.201852 0.0552083 0.0814815
0 0.845833 0.168519 0.0645833 0.0814815
0 0.64375 0.161111 0.05 0.0777778
0 0.810938 0.25463 0.0760417 0.105556
0 0.960938 0.462963 0.078125 0.174074
0 0.633333 0.280556 0.0708333 0.116667
0 0.520312 0.433333 0.090625 0.162963
