0 0.604688 0.228704 0.034375 0.0351852
0 0.0302083 0.361111 0.0520833 0.0888889
0 0.652604 0.266667 0.0739583 0.0851852
0 0.564062 0.216667 0.0489583 0.0407407
0 0.0104167 0.359259 0.0208333 0.0925926
0 0.707292 0.251852 0.0479167 0.0592593
0 0.917708 0.32037 0.110417 0.0703704
0 0.654688 0.238889 0.0489583 0.0481481
0 0.273438 0.230556 0.046875 0.05
0 0.336458 0.185185 0.0354167 0.0407407
0 0.040625 0.211111 0.0291667 0.0444444
0 0.0526042 0.273148 0.0364583 0.0574074
0 0.404167 0.208333 0.04375 0.05
0 0.841667 0.296296 0.0895833 0.0592593
0 0.646354 0.299074 0.096875 0.0907407
0 0.381771 0.324074 0.078125 0.0888889
0 0.671354 0.525926 0.153125 0.144444
