0 0.517708 0.0703704 0.0791667 0.0444444
0 0.0104167 0.0814815 0.0208333 0.0259259
0 0.842188 0.212963 0.0864583 0.0703704
0 0.778646 0.118519 0.053125 0.0592593
0 0.332812 0.110185 0.040625 0.0425926
0 0.827083 0.119444 0.0583333 0.0574074
0 0.374479 0.116667 0.053125 0.0444444
0 0.473958 0.0675926 0.0770833 0.0462963
0 0.929688 0.125 0.0489583 0.0759259
0 0.514063 0.141667 0.0697917 0.0611111
0 0.550521 0.152778 0.0489583 0.05
0 0.0239583 0.197222 0.0458333 0.0574074
0 0.122917 0.12963 0.0333333 0.037037
0 0.103125 0.103704 0.0291667 0.0333333
0 0.239063 0.184259 0.0635417 0.0796296
0 0.707812 0.187963 0.0864583 0.0722222
0 0.0302083 0.251852 0.0479167 0.0740741
0 0.482292 0.284259 0.116667 0.101852
