0 0.963021 0.0648148 0.0510417 0.0444444
0 0.561458 0.0787037 0.0291667 0.0462963
0 0.982813 0.0796296 0.034375 0.0444444
0 0.283854 0.180556 0.0447917 0.0685185
0 0.577083 0.0268519 0.0208333 0.0351852
0 0.360417 0.161111 0.0395833 0.0481481
0 0.239063 0.281481 0.0572917 0.0851852
0 0.589583 0.0990741 0.0333333 0.0537037
0 0.605729 0.0638889 0.0302083 0.0425926
0 0.327604 0.178704 0.0489583 0.0648148
0 0.171354 0.328704 0.040625 0.0907407
0 0.263542 0.246296 0.0479167 0.0703704
0 0.0307292 0.473148 0.0614583 0.101852
0 0.642708 0.10463 0.0354167 0.0648148
0 0.411458 0.155556 0.03125 0.0518519
0 0.592188 0.146296 0.040625 0.0592593
0 0.0765625 0.415741 0.0802083 0.0944444
0 0.132292 0.371296 0.08125 0.105556
0 0.552083 0.198148 0.0520833 0.0777778
0 0.532292 0.294444 0.06875 0.107407
0 0.464583 0.499074 0.102083 0.168519
0 0.639583 0.493519 0.102083 0.190741
0 0.235417 0.899074 0.197917 0.198148
0 0.956771 0.434259 0.0864583 0.153704
