0 0.763542 0.193519 0.0395833 0.05
0 0.676042 0.139815 0.025 0.0351852
0 0.377604 0.182407 0.028125 0.0388889
0 0.628646 0.14537 0.028125 0.0388889
0 0.642708 0.183333 0.0333333 0.0481481
0 0.707812 0.199074 0.034375 0.0648148
0 0.455729 0.210185 0.0385417 0.0685185
0 0.511979 0.216667 0.0385417 0.0703704
0 0.963021 0.331481 0.0739583 0.0814815
0 0.828646 0.27963 0.0552083 0.0703704
0 0.648438 0.237963 0.0427083 0.0796296
0 0.330208 0.308333 0.05625 0.0759259
0 0.684375 0.350926 0.06875 0.116667
0 0.740625 0.243519 0.0458333 0.0648148
0 0.811458 0.394444 0.075 0.0962963
0 0.967708 0.493519 0.0645833 0.109259
0 0.4 0.357407 0.0645833 0.107407
0 0.271354 0.583333 0.105208 0.159259
0 0.795313 0.806481 0.136458 0.205556
0 0.963021 0.835185 0.0739583 0.222222
0 0.433333 0.502778 0.08125 0.135185
