0 0.731771 0.124074 0.0385417 0.0444444
0 0.104687 0.116667 0.021875 0.0259259
0 0.506771 0.0731481 0.0739583 0.0425926
0 0.8125 0.128704 0.05625 0.0648148
0 0.584375 0.164815 0.0479167 0.0555556
0 0.54375 0.150926 0.0666667 0.0611111
0 0.970833 0.134259 0.0541667 0.0796296
0 0.0380208 0.142593 0.0239583 0.0333333
0 0.176042 0.172222 0.0375 0.0444444
0 0.741667 0.196296 0.0916667 0.0703704
0 0.108854 0.305556 0.0614583 0.0888889
0 0.0765625 0.218519 0.0427083 0.0592593
0 0.308333 0.2 0.0604167 0.0666667
0 0.327604 0.4 0.111458 0.12963
0 0.539583 0.301852 0.102083 0.1
