0 0.213542 0.221296 0.05 0.0574074
0 0.0609375 0.275 0.0552083 0.0685185
0 0.0411458 0.327778 0.0822917 0.151852
0 0.971354 0.218519 0.0572917 0.0777778
0 0.857813 0.15 0.0552083 0.0555556
0 0.574479 0.0833333 0.021875 0.037037
0 0.163021 0.213889 0.0572917 0.0685185
0 0.610417 0.0861111 0.0229167 0.0351852
0 0.952083 0.15 0.075 0.062963
0 0.507812 0.0685185 0.0197917 0.037037
0 0.622917 0.119444 0.0291667 0.0462963
0 0.236458 0.202778 0.0375 0.05
0 0.263021 0.185185 0.0322917 0.0518519
0 0.0651042 0.35463 0.034375 0.0759259
0 0.525 0.121296 0.0270833 0.0425926
0 0.278125 0.171296 0.0291667 0.0425926
0 0.294271 0.161111 0.028125 0.0407407
0 0.486458 0.131481 0.0270833 0.0407407
0 0.126563 0.286111 0.053125 0.0722222
0 0.48125 0.238889 0.0458333 0.0740741
0 0.641146 0.188889 0.0427083 0.062963
0 0.0921875 0.317593 0.0677083 0.0833333
0 0.66875 0.294444 0.0645833 0.107407
0 0.685938 0.418519 0.0864583 0.122222
