0 0.520833 0.0824074 0.0270833 0.0462963
0 0.2 0.196296 0.0604167 0.0592593
0 0.936458 0.17037 0.0625 0.062963
0 0.593229 0.17037 0.0447917 0.0703704
0 0.478125 0.0953704 0.0291667 0.0425926
0 0.338021 0.193519 0.0760417 0.0574074
0 0.645312 0.15 0.040625 0.0666667
0 0.509375 0.14537 0.0354167 0.0462963
0 0.0848958 0.328704 0.090625 0.161111
0 0.967188 0.189815 0.0635417 0.0685185
0 0.719792 0.17037 0.0458333 0.0666667
0 0.121875 0.257407 0.0520833 0.0703704
0 0.326042 0.237037 0.0458333 0.0740741
0 0.502083 0.205556 0.0458333 0.0851852
0 0.434896 0.20463 0.046875 0.0722222
0 0.292708 0.525 0.110417 0.238889
0 0.605729 0.236111 0.0489583 0.0796296
0 0.691667 0.231481 0.05625 0.0814815
0 0.947396 0.866667 0.105208 0.255556
0 0.483854 0.413889 0.0739583 0.135185
0 0.046875 0.876852 0.09375 0.238889
0 0.853646 0.346296 0.090625 0.118519
0 0.73125 0.333333 0.08125 0.125926
0 0.708333 0.538889 0.110417 0.17037
