0 0.789583 0.368519 0.0375 0.0444444
0 0.306771 0.303704 0.0260417 0.0481481
0 0.331771 0.290741 0.034375 0.0407407
0 0.819792 0.385185 0.0395833 0.0518519
0 0.485938 0.225 0.009375 0.0203704
0 0.0510417 0.392593 0.0479167 0.0444444
0 0.763542 0.35 0.0291667 0.0407407
0 0.851562 0.410185 0.0572917 0.0574074
0 0.894271 0.440741 0.0885417 0.0851852
0 0.292708 0.314815 0.0354167 0.0444444
0 0.110937 0.439815 0.0760417 0.087037
0 0.267188 0.334259 0.0364583 0.0462963
0 0.0104167 0.537963 0.0208333 0.0722222
0 0.973958 0.514815 0.0520833 0.0666667
0 0.941667 0.478704 0.0875 0.0833333
0 0.241667 0.353704 0.0416667 0.0518519
0 0.984896 0.566667 0.0302083 0.0888889
0 0.479167 0.269444 0.0166667 0.0277778
0 0.454688 0.296296 0.0239583 0.037037
0 0.209375 0.373148 0.05 0.0537037
