0 0.247917 0.264815 0.0416667 0.0777778
0 0.585938 0.128704 0.0364583 0.0611111
0 0.757292 0.0703704 0.0375 0.0481481
0 0.259896 0.225926 0.059375 0.0518519
0 0.728646 0.10463 0.040625 0.0648148
0 0.63125 0.0740741 0.03125 0.0555556
0 0.175 0.313889 0.0375 0.0981481
0 0.647917 0.112037 0.0333333 0.0574074
0 0.03125 0.462037 0.0625 0.105556
0 0.361458 0.175926 0.06875 0.0666667
0 0.990104 0.436111 0.0197917 0.0944444
0 0.0765625 0.402778 0.0802083 0.0907407
0 0.659375 0.217593 0.0520833 0.087037
0 0.134375 0.362037 0.0854167 0.112963
0 0.598437 0.165741 0.046875 0.0759259
0 0.507812 0.185185 0.065625 0.0777778
0 0.76875 0.181481 0.05625 0.0777778
0 0.940104 0.293519 0.0947917 0.112963
0 0.605729 0.724074 0.136458 0.288889
