0 0.317708 0.201852 0.0291667 0.0481481
0 0.84375 0.19537 0.0375 0.0425926
0 0.298958 0.215741 0.0291667 0.0425926
0 0.596875 0.0981481 0.0166667 0.0222222
0 0.988021 0.19537 0.0239583 0.0574074
0 0.946354 0.225 0.0677083 0.0796296
0 0.0578125 0.322222 0.0635417 0.0851852
0 0.0666667 0.408333 0.0333333 0.0722222
0 0.478125 0.134259 0.0166667 0.0277778
0 0.991146 0.302778 0.0177083 0.0425926
0 0.516146 0.123148 0.015625 0.0240741
0 0.8625 0.207407 0.0479167 0.0555556
0 0.241667 0.261111 0.0416667 0.0518519
0 0.26875 0.244444 0.0416667 0.0555556
0 0.160417 0.269444 0.0479167 0.0611111
0 0.942708 0.252778 0.0625 0.0648148
0 0.304688 0.287037 0.096875 0.062963
0 0.597917 0.168519 0.0270833 0.0407407
0 0.127604 0.342593 0.0572917 0.0703704
0 0.205208 0.27963 0.0604167 0.0555556
0 0.746875 0.430556 0.0770833 0.116667
0 0.335417 0.350926 0.0541667 0.087037
0 0.971875 0.275 0.05625 0.0685185
0 0.0953125 0.375 0.065625 0.0833333
0 0.670833 0.283333 0.0479167 0.0703704
0 0.411458 0.47037 0.0791667 0.12963
