0 0.0182292 0.353704 0.0364583 0.0777778
0 0.577083 0.0101852 0.01875 0.0203704
0 0.315104 0.108333 0.0364583 0.0462963
0 0.689583 0.0324074 0.01875 0.0351852
0 0.0364583 0.303704 0.0729167 0.0814815
0 0.554688 0.0259259 0.0177083 0.0333333
0 0.991667 0.139815 0.0166667 0.0388889
0 0.669271 0.0388889 0.0239583 0.0481481
0 0.646875 0.0212963 0.0229167 0.0314815
0 0.705729 0.0740741 0.0302083 0.037037
0 0.620313 0.0175926 0.0177083 0.0314815
0 0.301562 0.188889 0.0489583 0.0666667
0 0.609896 0.0768519 0.028125 0.0462963
0 0.890625 0.0787037 0.0395833 0.05
0 0.593229 0.05 0.0239583 0.0444444
0 0.747396 0.108333 0.034375 0.0574074
0 0.483854 0.123148 0.0552083 0.0537037
0 0.697396 0.115741 0.0385417 0.05
0 0.402604 0.135185 0.090625 0.0703704
0 0.9875 0.0731481 0.025 0.0462963
0 0.0390625 0.519444 0.078125 0.205556
0 0.236979 0.261111 0.0635417 0.0888889
0 0.272396 0.223148 0.059375 0.0759259
0 0.949479 0.0740741 0.040625 0.0444444
0 0.200521 0.305556 0.0677083 0.1
0 0.974479 0.118519 0.0510417 0.0555556
0 0.545833 0.307407 0.0708333 0.118519
0 0.152083 0.357407 0.0958333 0.125926
0 0.677604 0.815741 0.157292 0.346296
