0 0.249479 0.207407 0.0760417 0.0777778
0 0.493229 0.0898148 0.128125 0.175926
0 0.388021 0.0925926 0.0322917 0.0481481
0 0.230729 0.225926 0.0802083 0.0851852
0 0.179167 0.280556 0.0395833 0.0981481
0 0.0333333 0.428704 0.0666667 0.112963
0 0.335417 0.132407 0.0583333 0.0611111
0 0.26875 0.199074 0.05 0.0759259
0 0.820833 0.103704 0.0541667 0.0814815
0 0.0828125 0.366667 0.0802083 0.0925926
0 0.139583 0.324074 0.0833333 0.107407
0 0.473437 0.185185 0.0552083 0.0814815
0 0.795313 0.190741 0.0614583 0.0925926
0 0.531771 0.339815 0.0864583 0.164815
0 0.557292 0.167593 0.0791667 0.0759259
0 0.670833 0.298148 0.0770833 0.12963
0 0.563021 0.586111 0.121875 0.238889
