0 0.990625 0.249074 0.01875 0.05
0 0.191667 0.227778 0.0354167 0.0666667
0 0.0677083 0.353704 0.0375 0.0814815
0 0.0619792 0.277778 0.053125 0.0703704
0 0.310937 0.15 0.0197917 0.0407407
0 0.303125 0.155556 0.0291667 0.0407407
0 0.854167 0.148148 0.0604167 0.0592593
0 0.605729 0.0777778 0.0177083 0.0333333
0 0.208333 0.225 0.0479167 0.0611111
0 0.666667 0.118519 0.0291667 0.0407407
0 0.2375 0.209259 0.0479167 0.062963
0 0.951042 0.152778 0.0729167 0.0611111
0 0.280729 0.174074 0.0260417 0.0407407
0 0.295312 0.163889 0.0260417 0.0425926
0 0.971354 0.219444 0.0572917 0.0722222
0 0.159896 0.215741 0.053125 0.0611111
0 0.592188 0.173148 0.034375 0.0574074
0 0.264583 0.188889 0.0333333 0.0518519
0 0.0942708 0.319444 0.065625 0.0833333
0 0.607813 0.218519 0.040625 0.0666667
0 0.126563 0.289815 0.0552083 0.0722222
0 0.649479 0.391667 0.078125 0.12037
0 0.682292 0.252778 0.0541667 0.0796296
