0 0.569792 0.2 0.0166667 0.0259259
0 0.328646 0.268519 0.0260417 0.0407407
0 0.857813 0.305556 0.040625 0.062963
0 0.0833333 0.631481 0.09375 0.114815
0 0.533333 0.212037 0.0229167 0.0240741
0 0.533333 0.227778 0.0270833 0.0518519
0 0.468229 0.228704 0.0177083 0.0314815
0 0.00729167 0.868519 0.0145833 0.1
0 0.886458 0.331481 0.0458333 0.0518519
0 0.0322917 0.440741 0.0645833 0.0888889
0 0.646875 0.223148 0.0208333 0.0314815
0 0.986458 0.410185 0.0270833 0.0648148
0 0.963542 0.383333 0.06875 0.0703704
0 0.919792 0.35463 0.05625 0.0611111
0 0.473437 0.303704 0.0322917 0.0555556
0 0.228646 0.340741 0.0614583 0.062963
0 0.839063 0.917593 0.186458 0.164815
0 0.689583 0.310185 0.04375 0.0574074
0 0.514583 0.358333 0.0458333 0.0759259
0 0.357292 0.591667 0.09375 0.157407
0 0.625521 0.397222 0.053125 0.0796296
