0 0.670833 0.087963 0.0458333 0.0574074
0 0.506771 0.0611111 0.0197917 0.0444444
0 0.610417 0.0527778 0.0208333 0.0314815
0 0.0609375 0.285185 0.0510417 0.0703704
0 0.941146 0.203704 0.0572917 0.062963
0 0.844271 0.148148 0.0447917 0.0481481
0 0.296875 0.177778 0.0354167 0.0555556
0 0.583333 0.0472222 0.0166667 0.0388889
0 0.319271 0.146296 0.034375 0.037037
0 0.986458 0.148148 0.0270833 0.0592593
0 0.596354 0.0694444 0.0177083 0.0277778
0 0.281771 0.182407 0.0302083 0.05
0 0.857813 0.155556 0.0510417 0.0518519
0 0.947917 0.155556 0.0729167 0.0592593
0 0.990104 0.252778 0.0197917 0.0462963
0 0.239063 0.211111 0.040625 0.0518519
0 0.15625 0.224074 0.0479167 0.0592593
0 0.6125 0.228704 0.0458333 0.087037
0 0.494271 0.0907407 0.021875 0.037037
0 0.2625 0.193519 0.0333333 0.0462963
0 0.126042 0.29537 0.0541667 0.0722222
0 0.0901042 0.318519 0.0739583 0.0666667
0 0.969792 0.225926 0.0604167 0.0666667
0 0.579167 0.103704 0.0208333 0.0333333
0 0.646875 0.114815 0.0270833 0.0407407
0 0.203646 0.232407 0.059375 0.0611111
0 0.0875 0.39537 0.08125 0.0981481
0 0.344792 0.231481 0.0770833 0.0666667
0 0.790104 0.434259 0.0927083 0.124074
