0 0.977083 0.218519 0.0208333 0.0259259
0 0.856771 0.184259 0.040625 0.0351852
0 0.654688 0.259259 0.059375 0.0407407
0 0.992708 0.234259 0.0145833 0.0314815
0 0.669271 0.253704 0.0427083 0.0407407
0 0.640104 0.267593 0.0364583 0.0388889
0 0.975521 0.25463 0.0260417 0.0462963
0 0.608333 0.277778 0.04375 0.0444444
0 0.953125 0.237963 0.0229167 0.0351852
0 0.277083 0.406481 0.0604167 0.0574074
0 0.56875 0.293519 0.04375 0.0462963
0 0.429688 0.467593 0.109375 0.142593
0 0.406771 0.348148 0.071875 0.0740741
0 0.910937 0.251852 0.0302083 0.0333333
0 0.526563 0.307407 0.046875 0.0444444
0 0.169271 0.400926 0.059375 0.0648148
0 0.236458 0.443519 0.1 0.105556
0 0.383333 0.908333 0.264583 0.17963
0 0.632292 0.524074 0.108333 0.118519
