0 0.475521 0.0953704 0.0197917 0.0314815
0 0.651042 0.0694444 0.0166667 0.0277778
0 0.533854 0.119444 0.0239583 0.0462963
0 0.775 0.158333 0.03125 0.0425926
0 0.706771 0.139815 0.0302083 0.0388889
0 0.660417 0.130556 0.0229167 0.0425926
0 0.45 0.135185 0.0229167 0.037037
0 0.679688 0.167593 0.028125 0.0425926
0 0.823958 0.202778 0.0416667 0.0574074
0 0.491146 0.132407 0.0260417 0.0388889
0 0.633333 0.164815 0.0291667 0.0555556
0 0.753125 0.189815 0.0375 0.05
0 0.804688 0.283333 0.0552083 0.0703704
0 0.49375 0.269444 0.04375 0.0685185
0 0.971354 0.377778 0.0572917 0.0888889
0 0.328646 0.298148 0.053125 0.0740741
0 0.233333 0.42037 0.0708333 0.107407
0 0.10625 0.44537 0.10625 0.142593
0 0.0510417 0.727778 0.102083 0.196296
0 0.713021 0.513889 0.0927083 0.142593
