0 0.934896 0.188889 0.040625 0.0666667
0 0.675 0.131481 0.0375 0.0555556
0 0.911979 0.110185 0.0239583 0.0388889
0 0.874479 0.0675926 0.0197917 0.0351852
0 0.951563 0.0833333 0.0197917 0.0333333
0 0.565104 0.168519 0.0322917 0.0407407
0 0.409896 0.268519 0.084375 0.103704
0 0.955729 0.162037 0.0322917 0.0462963
0 0.926042 0.205556 0.0395833 0.0592593
0 0.773958 0.462963 0.0791667 0.133333
0 0.853125 0.340741 0.0625 0.0962963
0 0.345313 0.284259 0.0635417 0.0759259
0 0.747917 0.341667 0.0625 0.0944444
0 0.965104 0.551852 0.0697917 0.148148
0 0.24375 0.535185 0.14375 0.174074
