0 0.278646 0.137963 0.0322917 0.0314815
0 0.407813 0.0861111 0.028125 0.0314815
0 0.04375 0.233333 0.0854167 0.0592593
0 0.771354 0.198148 0.053125 0.0666667
0 0.229167 0.160185 0.0375 0.0388889
0 0.15 0.165741 0.0395833 0.0425926
0 0.109375 0.212963 0.0479167 0.0444444
0 0.213021 0.161111 0.059375 0.0444444
0 0.592188 0.352778 0.138542 0.124074
0 0.724479 0.103704 0.0510417 0.0481481
0 0.439063 0.230556 0.0614583 0.0796296
0 0.675 0.10463 0.05 0.05
0 0.334375 0.375 0.0833333 0.0907407
0 0.122917 0.512963 0.108333 0.0925926
0 0.583854 0.663889 0.165625 0.253704
