0 0.701042 0.144444 0.0604167 0.0481481
0 0.277083 0.144444 0.0479167 0.0444444
0 0.339583 0.121296 0.05625 0.0462963
0 0.0197917 0.240741 0.0395833 0.0481481
0 0.205729 0.165741 0.0739583 0.0685185
0 0.394271 0.0990741 0.0572917 0.0425926
0 0.45625 0.0740741 0.0458333 0.037037
0 0.0328125 0.216667 0.0614583 0.0555556
0 0.201562 0.955556 0.230208 0.0851852
0 0.957292 0.232407 0.0854167 0.0981481
0 0.0322917 0.592593 0.0645833 0.103704
0 0.358854 0.364815 0.0802083 0.0814815
0 0.886979 0.210185 0.0739583 0.087037
0 0.570833 0.181481 0.0520833 0.0518519
0 0.979167 0.298148 0.0416667 0.107407
0 0.803125 0.54537 0.154167 0.168519
