0 0.863542 0.132407 0.03125 0.0574074
0 0.796875 0.0898148 0.0333333 0.05
0 0.133333 0.186111 0.0583333 0.0648148
0 0.605208 0.103704 0.0354167 0.062963
0 0.8875 0.150926 0.0520833 0.0796296
0 0.605729 0.141667 0.040625 0.0685185
0 0.477083 0.0222222 0.0166667 0.0333333
0 0.566146 0.0666667 0.0260417 0.037037
0 0.01875 0.275926 0.0375 0.0888889
0 0.457292 0.0592593 0.0270833 0.0518519
0 0.046875 0.185185 0.0416667 0.0703704
0 0.980208 0.231481 0.0375 0.103704
0 0.346875 0.183333 0.0625 0.0851852
0 0.960938 0.171296 0.078125 0.0648148
0 0.652604 0.234259 0.0572917 0.087037
0 0.602604 0.374074 0.084375 0.140741
0 0.0994792 0.84537 0.198958 0.294444
0 0.716667 0.382407 0.0854167 0.124074
