0 0.723958 0.113889 0.0270833 0.0351852
0 0.710417 0.149074 0.0291667 0.0351852
0 0.654688 0.194444 0.040625 0.0444444
0 0.945312 0.122222 0.0197917 0.0259259
0 0.965625 0.0907407 0.0166667 0.0407407
0 0.267708 0.0638889 0.0541667 0.0314815
0 0.54375 0.202778 0.0375 0.0388889
0 0.840625 0.139815 0.0270833 0.0388889
0 0.871354 0.109259 0.0197917 0.0296296
0 0.818229 0.175 0.0322917 0.0351852
0 0.633333 0.169444 0.0416667 0.0537037
0 0.876562 0.155556 0.0239583 0.0407407
0 0.629687 0.246296 0.053125 0.0592593
0 0.726042 0.305556 0.05 0.0666667
0 0.904688 0.293519 0.0447917 0.0722222
0 0.736458 0.437037 0.0875 0.144444
0 0.528646 0.240741 0.0510417 0.0555556
0 0.314063 0.32963 0.084375 0.0851852
0 0.420833 0.356481 0.0875 0.0907407
