0 0.00364583 0.188889 0.00729167 0.0296296
0 0.811979 0.12963 0.0572917 0.0666667
0 0.103646 0.119444 0.0239583 0.0240741
0 0.503646 0.075 0.0677083 0.0425926
0 0.890104 0.239815 0.115625 0.0833333
0 0.971354 0.12963 0.0572917 0.0925926
0 0.54375 0.153704 0.0666667 0.0592593
0 0.00833333 0.137963 0.0166667 0.0277778
0 0.584896 0.164815 0.0489583 0.0481481
0 0.132812 0.147222 0.0322917 0.0351852
0 0.0630208 0.162037 0.028125 0.0388889
0 0.254687 0.176852 0.046875 0.05
0 0.741146 0.198148 0.084375 0.0666667
0 0.109896 0.282407 0.059375 0.0796296
0 0.36875 0.585185 0.164583 0.218519
