0 0.0635417 0.282407 0.0479167 0.0685185
0 0.291146 0.169444 0.021875 0.0462963
0 0.5875 0.0398148 0.025 0.0314815
0 0.836458 0.137037 0.04375 0.0481481
0 0.986979 0.138889 0.0260417 0.0555556
0 0.282813 0.176852 0.0302083 0.0462963
0 0.859896 0.15463 0.0489583 0.0537037
0 0.990104 0.244444 0.0197917 0.0555556
0 0.619271 0.0657407 0.028125 0.0388889
0 0.589583 0.0740741 0.0229167 0.0333333
0 0.0630208 0.357407 0.034375 0.0740741
0 0.939583 0.199074 0.0625 0.0648148
0 0.950521 0.156481 0.078125 0.0648148
0 0.611458 0.0944444 0.0208333 0.0333333
0 0.504167 0.0611111 0.0166667 0.0296296
0 0.263021 0.189815 0.034375 0.05
0 0.240104 0.208333 0.0427083 0.0537037
0 0.202604 0.227778 0.0552083 0.0592593
0 0.156771 0.222222 0.0489583 0.0592593
0 0.970312 0.221296 0.059375 0.0722222
0 0.0880208 0.325926 0.071875 0.0888889
0 0.627604 0.135185 0.0364583 0.0407407
0 0.421875 0.186111 0.0375 0.0574074
0 0.125 0.294444 0.0541667 0.0740741
0 0.686979 0.17963 0.040625 0.0592593
0 0.197396 0.291667 0.0489583 0.0722222
