0 0.0520833 0.0935185 0.0208333 0.0240741
0 0.770312 0.113889 0.0510417 0.0574074
0 0.00729167 0.128704 0.0145833 0.0351852
0 0.948438 0.122222 0.0989583 0.0851852
0 0.811458 0.114815 0.0645833 0.0555556
0 0.176042 0.162963 0.05 0.0740741
0 0.46875 0.0537037 0.0708333 0.0444444
0 0.848437 0.218519 0.113542 0.0777778
0 0.336458 0.213889 0.0625 0.0759259
0 0.703125 0.181481 0.0854167 0.0703704
0 0.536458 0.602778 0.229167 0.25
0 0.294792 0.240741 0.08125 0.0814815
0 0.179688 0.390741 0.101042 0.137037
