0 0.621354 0.123148 0.0614583 0.0462963
0 0.85625 0.171296 0.05625 0.0574074
0 0.309896 0.152778 0.0385417 0.0351852
0 0.0453125 0.17963 0.0239583 0.0296296
0 0.040625 0.219444 0.0291667 0.0425926
0 0.807813 0.173148 0.065625 0.0648148
0 0.972396 0.173148 0.053125 0.0796296
0 0.501042 0.115741 0.05 0.0425926
0 0.894792 0.281481 0.1125 0.0814815
0 0.203646 0.219444 0.0427083 0.0462963
0 0.108854 0.251852 0.0447917 0.0592593
0 0.104687 0.310185 0.053125 0.0722222
0 0.74375 0.240741 0.0854167 0.0740741
0 0.361458 0.27037 0.06875 0.0703704
0 0.219792 0.337963 0.075 0.105556
0 0.769792 0.456481 0.1875 0.153704
0 0.376563 0.525926 0.142708 0.177778
