0 0.190104 0.166667 0.021875 0.0296296
0 0.560938 0.221296 0.0427083 0.0462963
0 0.221875 0.182407 0.0375 0.0351852
0 0.620313 0.233333 0.065625 0.0592593
0 0.472396 0.205556 0.046875 0.037037
0 0.820833 0.288889 0.102083 0.0666667
0 0.935417 0.319444 0.0854167 0.0648148
0 0.751042 0.27037 0.09375 0.0555556
0 0.15 0.171296 0.0270833 0.0314815
0 0.330208 0.212037 0.0479167 0.0462963
0 0.39375 0.25 0.06875 0.0555556
0 0.138542 0.233333 0.0395833 0.0518519
0 0.9375 0.710185 0.125 0.235185
0 0.686979 0.375 0.126042 0.0944444
0 0.545833 0.306481 0.0916667 0.0685185
