0 0.799479 0.0712963 0.034375 0.0537037
0 0.751562 0.0453704 0.034375 0.0574074
0 0.633854 0.0407407 0.028125 0.0407407
0 0.6 0.0472222 0.0270833 0.0425926
0 0.554167 0.113889 0.0354167 0.0574074
0 0.255208 0.226852 0.0583333 0.0796296
0 0.594271 0.205556 0.0489583 0.0925926
0 0.627604 0.102778 0.0427083 0.0685185
0 0.841146 0.137037 0.0510417 0.0703704
0 0.502083 0.165741 0.0604167 0.0759259
0 0.0921875 0.430556 0.090625 0.135185
0 0.232292 0.27037 0.0729167 0.0925926
0 0.141667 0.37037 0.0916667 0.122222
0 0.754687 0.30463 0.090625 0.142593
0 0.617708 0.267593 0.0708333 0.15
0 0.191667 0.318519 0.0833333 0.111111
0 0.0161458 0.737037 0.0322917 0.162963
0 0.04375 0.501852 0.0875 0.17037
0 0.703646 0.740741 0.151042 0.288889
0 0.632292 0.448148 0.1 0.159259
