0 0.559375 0.19537 0.0833333 0.0722222
0 0.516667 0.262963 0.0854167 0.122222
0 0.973437 0.334259 0.053125 0.116667
0 0.300521 0.291667 0.0760417 0.101852
0 0.798437 0.262963 0.134375 0.12963
0 0.952083 0.490741 0.0958333 0.177778
0 0.808854 0.405556 0.165625 0.122222
0 0.632292 0.334259 0.133333 0.112963
0 0.966146 0.65463 0.0677083 0.157407
0 0.835417 0.519444 0.179167 0.216667
0 0.361458 0.34537 0.0770833 0.101852
0 0.650521 0.442593 0.167708 0.144444
0 0.436979 0.407407 0.113542 0.133333
0 0.828125 0.692593 0.279167 0.340741
0 0.594271 0.524074 0.159375 0.174074
