0 0.982292 0.206481 0.01875 0.0314815
0 0.670833 0.25463 0.0395833 0.0388889
0 0.855729 0.183333 0.0364583 0.0333333
0 0.641146 0.268519 0.0364583 0.0407407
0 0.608333 0.278704 0.0395833 0.0425926
0 0.960417 0.215741 0.0208333 0.0277778
0 0.407813 0.347222 0.0760417 0.0722222
0 0.860937 0.299074 0.0364583 0.05
0 0.570312 0.294444 0.0447917 0.0481481
0 0.169792 0.402778 0.0604167 0.0611111
0 0.309375 0.412963 0.0875 0.0851852
0 0.527083 0.309259 0.0479167 0.0444444
0 0.252083 0.417593 0.0791667 0.0759259
0 0.865625 0.425 0.0666667 0.0981481
0 0.890104 0.325 0.0447917 0.0574074
0 0.516146 0.888889 0.269792 0.218519
