0 0.415625 0.0907407 0.0333333 0.0444444
0 0.295833 0.216667 0.0708333 0.0666667
0 0.666667 0.0324074 0.0208333 0.0462963
0 0.330208 0.125 0.0375 0.05
0 0.331771 0.175926 0.034375 0.0592593
0 0.546875 0.0398148 0.0166667 0.0277778
0 0.903125 0.105556 0.04375 0.0518519
0 0.577604 0.100926 0.028125 0.0388889
0 0.69375 0.0768519 0.0270833 0.0351852
0 0.965104 0.101852 0.0427083 0.0444444
0 0.619271 0.0861111 0.028125 0.0425926
0 0.581771 0.180556 0.0427083 0.0722222
0 0.316146 0.201852 0.0489583 0.0666667
0 0.603125 0.0583333 0.01875 0.0314815
0 0.98125 0.148148 0.0375 0.0555556
0 0.657292 0.20463 0.04375 0.0796296
0 0.284375 0.235185 0.0583333 0.0740741
0 0.215104 0.317593 0.0635417 0.0981481
0 0.977604 0.380556 0.0447917 0.105556
0 0.25 0.274074 0.0666667 0.0851852
0 0.46875 0.894444 0.145833 0.203704
0 0.0453125 0.537037 0.0885417 0.185185
0 0.165104 0.366667 0.096875 0.125926
0 0.728646 0.647222 0.128125 0.264815
