0 0.0984375 0.0342593 0.065625 0.0351852
0 0.0348958 0.0453704 0.0489583 0.0351852
0 0.454688 0.136111 0.0239583 0.0351852
0 0.66875 0.184259 0.0333333 0.0425926
0 0.519271 0.171296 0.0260417 0.0425926
0 0.413542 0.194444 0.0333333 0.0444444
0 0.514063 0.209259 0.0322917 0.0481481
0 0.448958 0.22963 0.0375 0.0592593
0 0.630729 0.223148 0.0385417 0.0537037
0 0.722917 0.24537 0.0458333 0.0722222
0 0.866667 0.278704 0.0583333 0.0648148
0 0.383854 0.228704 0.040625 0.0537037
0 0.668229 0.376852 0.0677083 0.112963
0 0.491146 0.288889 0.0489583 0.0777778
0 0.376042 0.353704 0.0625 0.107407
0 0.435417 0.447222 0.0666667 0.109259
0 0.732813 0.680556 0.111458 0.183333
0 0.93125 0.722222 0.135417 0.2
