0 0.363021 0.0592593 0.0364583 0.0407407
0 0.0494792 0.0712963 0.0322917 0.0425926
0 0.0484375 0.0268519 0.0239583 0.0351852
0 0.301042 0.0592593 0.0375 0.0407407
0 0.39375 0.156481 0.05625 0.0425926
0 0.0963542 0.126852 0.0427083 0.0611111
0 0.388542 0.0925926 0.0458333 0.0518519
0 0.691667 0.309259 0.0958333 0.0777778
0 0.2 0.137963 0.05 0.0722222
0 0.708854 0.265741 0.0989583 0.0907407
0 0.727083 0.219444 0.0895833 0.0759259
0 0.326562 0.237963 0.084375 0.124074
0 0.505729 0.110185 0.0510417 0.05
0 0.21875 0.253704 0.0645833 0.0925926
0 0.0369792 0.409259 0.0739583 0.133333
0 0.349479 0.862037 0.171875 0.268519
