0 0.95 0.348148 0.1 0.0703704
0 0.182812 0.231481 0.0322917 0.0518519
0 0.782292 0.22037 0.0520833 0.0407407
0 0.08125 0.835185 0.1625 0.311111
0 0.139062 0.248148 0.0322917 0.0555556
0 0.497917 0.259259 0.06875 0.0666667
0 0.128646 0.287963 0.0447917 0.0648148
0 0.482292 0.322222 0.0708333 0.118519
0 0.218229 0.253704 0.046875 0.0666667
0 0.669271 0.312037 0.103125 0.101852
0 0.246875 0.333333 0.0541667 0.0814815
0 0.879167 0.382407 0.14375 0.131481
0 0.606771 0.468519 0.113542 0.174074
0 0.81875 0.633333 0.20625 0.185185
0 0.795833 0.764815 0.275 0.348148
0 0.365104 0.432407 0.101042 0.112963
0 0.707292 0.461111 0.135417 0.137037
0 0.296354 0.481481 0.0989583 0.144444
0 0.564583 0.592593 0.160417 0.174074
0 0.916667 0.577778 0.166667 0.233333
0 0.689062 0.859259 0.273958 0.277778
