0 0.748958 0.0935185 0.0333333 0.0537037
0 0.692708 0.15 0.0270833 0.0333333
0 0.894792 0.125926 0.025 0.0333333
0 0.854688 0.132407 0.0197917 0.0277778
0 0.653646 0.149074 0.0302083 0.0388889
0 0.00989583 0.10463 0.0197917 0.0314815
0 0.0786458 0.0972222 0.084375 0.0425926
0 0.743229 0.413889 0.084375 0.142593
0 0.900521 0.253704 0.040625 0.0740741
0 0.965104 0.274074 0.0427083 0.0666667
0 0.617708 0.225 0.0416667 0.05
0 0.492188 0.612963 0.121875 0.174074
0 0.360938 0.475926 0.123958 0.133333
0 0.117708 0.592593 0.1625 0.162963
0 0.832292 0.593518 0.09375 0.164815
