0 0.855208 0.147222 0.0583333 0.0574074
0 0.601562 0.0574074 0.0177083 0.0259259
0 0.0578125 0.275926 0.0614583 0.0666667
0 0.939583 0.197222 0.0604167 0.0648148
0 0.567187 0.0546296 0.0197917 0.0277778
0 0.951563 0.15 0.0760417 0.062963
0 0.626042 0.0694444 0.0208333 0.0314815
0 0.617188 0.105556 0.0239583 0.037037
0 0.278646 0.172222 0.028125 0.0407407
0 0.240104 0.205556 0.0447917 0.0592593
0 0.0661458 0.35463 0.034375 0.0759259
0 0.294792 0.162037 0.0270833 0.0425926
0 0.971875 0.213889 0.05625 0.0722222
0 0.266146 0.185185 0.0364583 0.0518519
0 0.698958 0.163889 0.0354167 0.0574074
0 0.201562 0.222222 0.0489583 0.062963
0 0.157292 0.213889 0.0479167 0.0611111
0 0.0927083 0.318519 0.0666667 0.0851852
0 0.125521 0.287963 0.0552083 0.0722222
0 0.607813 0.256481 0.0510417 0.0759259
0 0.767708 0.475 0.1 0.157407
0 0.657812 0.347222 0.0697917 0.109259
