0 0.872396 0.103704 0.0177083 0.0259259
0 0.706771 0.12963 0.0302083 0.0407407
0 0.649479 0.163889 0.0322917 0.0425926
0 0.927083 0.134259 0.0229167 0.0611111
0 0.966146 0.12963 0.0197917 0.0407407
0 0.9 0.102778 0.0166667 0.0240741
0 0.925521 0.153704 0.0260417 0.0481481
0 0.886979 0.131481 0.021875 0.0333333
0 0.847917 0.139815 0.0229167 0.0388889
0 0.803125 0.193519 0.0354167 0.05
0 0.604688 0.223148 0.046875 0.0537037
0 0.840104 0.233333 0.0385417 0.0555556
0 0.758854 0.259259 0.046875 0.0592593
0 0.536458 0.202778 0.04375 0.05
0 0.120833 0.485185 0.139583 0.144444
0 0.829687 0.72963 0.111458 0.222222
0 0.457292 0.684259 0.14375 0.17963
0 0.308333 0.442593 0.120833 0.114815
