0 0.870313 0.0157407 0.0197917 0.0277778
0 0.695833 0.107407 0.0375 0.0444444
0 0.984896 0.0157407 0.021875 0.0314815
0 0.622396 0.087037 0.0510417 0.0518519
0 0.907812 0.0166667 0.0197917 0.0296296
0 0.834375 0.117593 0.05 0.0722222
0 0.876042 0.0675926 0.0291667 0.05
0 0.665104 0.0907407 0.0385417 0.0555556
0 0.929688 0.112963 0.034375 0.0518519
0 0.981771 0.119444 0.034375 0.0537037
0 0.61875 0.173148 0.0541667 0.0611111
0 0.976562 0.633333 0.046875 0.2
0 0.806771 0.207407 0.0572917 0.0962963
0 0.461458 0.202778 0.06875 0.0685185
0 0.895833 0.25463 0.0583333 0.0833333
0 0.483333 0.289815 0.0916667 0.0981481
0 0.602604 0.387037 0.096875 0.118519
0 0.204167 0.532407 0.166667 0.183333
0 0.345833 0.347222 0.108333 0.112963
0 0.238021 0.890741 0.259375 0.214815
