0 0.328125 0.273148 0.0229167 0.0388889
0 0.855208 0.308333 0.0375 0.0648148
0 0.279167 0.298148 0.0208333 0.0259259
0 0.642187 0.238889 0.028125 0.0407407
0 0.496354 0.173148 0.0135417 0.0203704
0 0.880208 0.337037 0.0354167 0.0518519
0 0.985417 0.408333 0.0291667 0.0685185
0 0.0307292 0.447222 0.0614583 0.0981481
0 0.476562 0.225 0.0197917 0.0277778
0 0.664062 0.276852 0.034375 0.05
0 0.528125 0.224074 0.01875 0.0296296
0 0.959375 0.384259 0.0645833 0.0685185
0 0.49375 0.252778 0.025 0.0314815
0 0.917188 0.356481 0.0572917 0.0648148
0 0.591146 0.246296 0.028125 0.037037
0 0.229167 0.343519 0.0520833 0.0648148
0 0.396354 0.487037 0.0760417 0.118519
0 0.708854 0.422222 0.0614583 0.0888889
