0 0.107292 0.832407 0.204167 0.335185
0 0.622917 0.236111 0.1 0.0907407
0 0.514063 0.29537 0.0822917 0.101852
0 0.29375 0.313889 0.075 0.105556
0 0.758333 0.280556 0.11875 0.109259
0 0.770833 0.426852 0.158333 0.142593
0 0.961979 0.677778 0.0760417 0.151852
0 0.948438 0.515741 0.103125 0.17963
0 0.829687 0.543519 0.178125 0.22037
0 0.625521 0.353704 0.132292 0.122222
0 0.35625 0.366667 0.0770833 0.103704
0 0.5875 0.54537 0.158333 0.175926
0 0.645312 0.464815 0.167708 0.148148
0 0.432292 0.430556 0.114583 0.135185
0 0.822396 0.714815 0.282292 0.344444
