0 0.257812 0.151852 0.053125 0.0592593
0 0.252083 0.231481 0.0541667 0.0888889
0 0.784896 0.0685185 0.034375 0.0518519
0 0.557813 0.0546296 0.0302083 0.0425926
0 0.55 0.162963 0.04375 0.0777778
0 0.658333 0.956481 0.15625 0.0759259
0 0.622396 0.10463 0.040625 0.0574074
0 0.56875 0.12037 0.0354167 0.0592593
0 0.6625 0.132407 0.0416667 0.0685185
0 0.467187 0.193519 0.0614583 0.0833333
0 0.843229 0.184259 0.0635417 0.0833333
0 0.233854 0.264815 0.0739583 0.0814815
0 0.0442708 0.49537 0.0885417 0.168519
0 0.090625 0.432407 0.0895833 0.138889
0 0.190625 0.318519 0.0791667 0.111111
0 0.627083 0.34537 0.0791667 0.135185
0 0.140625 0.369444 0.0875 0.124074
0 0.015625 0.739815 0.03125 0.164815
0 0.684896 0.228704 0.071875 0.112963
0 0.659896 0.494444 0.130208 0.27037
