0 0.736979 0.14537 0.0385417 0.0462963
0 0.561979 0.175 0.0822917 0.0611111
0 0.313021 0.137963 0.0385417 0.0425926
0 0.0546875 0.126852 0.015625 0.0240741
0 0.371875 0.148148 0.0416667 0.0407407
0 0.635938 0.187963 0.138542 0.0796296
0 0.0234375 0.151852 0.021875 0.0259259
0 0.816667 0.149074 0.0541667 0.0648148
0 0.2125 0.15463 0.0291667 0.0314815
0 0.414062 0.156481 0.0510417 0.0425926
0 0.589583 0.187037 0.0520833 0.0518519
0 0.885417 0.257407 0.135417 0.0925926
0 0.511979 0.1 0.071875 0.0407407
0 0.0864583 0.15463 0.0208333 0.0240741
0 0.974479 0.148148 0.0489583 0.0888889
0 0.0197917 0.181481 0.025 0.0296296
0 0.0734375 0.264815 0.0427083 0.0666667
0 0.747396 0.22037 0.0864583 0.0740741
0 0.208333 0.431481 0.09375 0.12963
0 0.655729 0.381481 0.151042 0.114815
0 0.419271 0.297222 0.0927083 0.0981481
0 0.816667 0.841667 0.360417 0.316667
