0 0.628646 0.108333 0.0302083 0.0537037
0 0.516667 0.130556 0.0354167 0.0685185
0 0.263021 0.151852 0.040625 0.0518519
0 0.433333 0.125 0.0291667 0.05
0 0.154687 0.183333 0.053125 0.0666667
0 0.239063 0.172222 0.053125 0.0518519
0 0.40625 0.308333 0.0604167 0.194444
0 0.947396 0.125 0.0760417 0.0685185
0 0.192188 0.192593 0.0427083 0.062963
0 0.858333 0.121296 0.05 0.0574074
0 0.121354 0.258333 0.0552083 0.0722222
0 0.9375 0.167593 0.0604167 0.0685185
0 0.464063 0.15 0.034375 0.0592593
0 0.0838542 0.296296 0.071875 0.1
0 0.73125 0.175 0.04375 0.0685185
0 0.509896 0.177778 0.0385417 0.0666667
0 0.638021 0.389815 0.0927083 0.175926
0 0.969271 0.189815 0.0614583 0.0685185
0 0.411458 0.25463 0.05625 0.087037
0 0.506771 0.339815 0.0677083 0.112963
0 0.297917 0.569444 0.122917 0.198148
0 0.397396 0.362037 0.0739583 0.112963
0 0.754687 0.357407 0.0864583 0.111111
0 0.857813 0.572222 0.151042 0.218519
