0 0.573438 0.0453704 0.0260417 0.05
0 0.540104 0.0314815 0.0197917 0.037037
0 0.433854 0.0990741 0.0302083 0.05
0 0.59375 0.0444444 0.0208333 0.0333333
0 0.817187 0.119444 0.0260417 0.0425926
0 0.485417 0.0953704 0.03125 0.0462963
0 0.789583 0.0972222 0.0395833 0.0388889
0 0.570833 0.0935185 0.025 0.05
0 0.475521 0.143519 0.0364583 0.0574074
0 0.453125 0.0648148 0.0270833 0.0407407
0 0.851562 0.147222 0.0260417 0.0574074
0 0.550521 0.109259 0.0322917 0.0518519
0 0.975 0.232407 0.05 0.087037
0 0.0354167 0.187037 0.0395833 0.0666667
0 0.415104 0.157407 0.0427083 0.0740741
0 0.0932292 0.775 0.184375 0.438889
0 0.877083 0.163889 0.05 0.0796296
0 0.457292 0.234259 0.0520833 0.0833333
0 0.953646 0.183333 0.0885417 0.0666667
0 0.328125 0.382407 0.08125 0.124074
0 0.175521 0.243519 0.107292 0.0759259
0 0.406771 0.474074 0.107292 0.222222
