0 0.517187 0.0694444 0.078125 0.0462963
0 0.00989583 0.0824074 0.0177083 0.0277778
0 0.841667 0.213889 0.0895833 0.0685185
0 0.335938 0.110185 0.0385417 0.0425926
0 0.777604 0.118519 0.053125 0.0592593
0 0.930729 0.124074 0.0510417 0.0777778
0 0.469271 0.0648148 0.0760417 0.0481481
0 0.819792 0.119444 0.0708333 0.0574074
0 0.513021 0.141667 0.0697917 0.0611111
0 0.376042 0.118519 0.05625 0.0444444
0 0.550521 0.152778 0.053125 0.0537037
0 0.0197917 0.194444 0.0395833 0.0555556
0 0.104167 0.10463 0.0291667 0.0314815
0 0.127604 0.132407 0.034375 0.0388889
0 0.707812 0.187963 0.0864583 0.0722222
0 0.0270833 0.247222 0.0458333 0.0685185
0 0.254687 0.191667 0.065625 0.0796296
0 0.519271 0.303704 0.128125 0.107407
0 0.477604 0.883333 0.257292 0.222222
