0 0.894271 0.134259 0.028125 0.0388889
0 0.593229 0.12963 0.021875 0.037037
0 0.908854 0.142593 0.028125 0.0407407
0 0.367708 0.19537 0.0354167 0.0388889
0 0.264583 0.232407 0.0416667 0.0574074
0 0.694271 0.0953704 0.0177083 0.0351852
0 0.153646 0.378704 0.0385417 0.0944444
0 0.197396 0.333333 0.0989583 0.0888889
0 0.484375 0.621296 0.114583 0.27963
0 0.310937 0.241667 0.0572917 0.0648148
0 0.952083 0.159259 0.0354167 0.0518519
0 0.628125 0.139815 0.0270833 0.0388889
0 0.241667 0.302778 0.0520833 0.0722222
0 0.554167 0.136111 0.0229167 0.0351852
0 0.969271 0.17037 0.0510417 0.0555556
0 0.582812 0.160185 0.0364583 0.0611111
0 0.01875 0.505556 0.0375 0.0777778
0 0.563542 0.20463 0.0354167 0.0574074
0 0.0552083 0.459259 0.08125 0.0925926
0 0.378125 0.238889 0.05 0.0555556
0 0.576563 0.238889 0.040625 0.0703704
0 0.113021 0.417593 0.084375 0.101852
0 0.319792 0.294444 0.04375 0.0777778
0 0.428125 0.285185 0.0916667 0.0740741
0 0.483854 0.390741 0.0677083 0.114815
