0 0.588542 0.190741 0.05 0.0555556
0 0.00677083 0.169444 0.0135417 0.0314815
0 0.865625 0.149074 0.04375 0.0537037
0 0.509375 0.102778 0.0666667 0.0388889
0 0.632292 0.19537 0.135417 0.087037
0 0.817187 0.151852 0.053125 0.062963
0 0.0276042 0.160185 0.0302083 0.0277778
0 0.889063 0.249074 0.096875 0.0648148
0 0.973958 0.147222 0.05 0.0981481
0 0.0276042 0.193519 0.0239583 0.0314815
0 0.746875 0.218519 0.0854167 0.0666667
0 0.0947917 0.300926 0.0520833 0.0796296
0 0.304688 0.243519 0.0635417 0.0685185
0 0.440625 0.281481 0.0895833 0.0814815
0 0.288021 0.530556 0.128125 0.172222
