0 0.684896 0.137037 0.0260417 0.037037
0 0.410937 0.110185 0.0260417 0.0462963
0 0.582812 0.0972222 0.0197917 0.0388889
0 0.850521 0.258333 0.0572917 0.0796296
0 0.641667 0.161111 0.0354167 0.0444444
0 0.618229 0.224074 0.0364583 0.0555556
0 0.378125 0.206481 0.0354167 0.05
0 0.434896 0.208333 0.0322917 0.05
0 0.759896 0.265741 0.053125 0.0685185
0 0.848437 0.358333 0.071875 0.0981481
0 0.746354 0.357407 0.059375 0.0851852
0 0.248437 0.883333 0.165625 0.222222
0 0.632292 0.315741 0.05 0.0759259
0 0.350521 0.372222 0.0635417 0.0925926
0 0.911458 0.764815 0.14375 0.196296
0 0.948438 0.506481 0.103125 0.12037
0 0.703646 0.600926 0.0947917 0.157407
