0 0.0546875 0.394444 0.0489583 0.0444444
0 0.777083 0.357407 0.05 0.0444444
0 0.789062 0.366667 0.034375 0.0481481
0 0.335938 0.291667 0.028125 0.0388889
0 0.818229 0.384259 0.046875 0.0537037
0 0.957812 0.513889 0.0822917 0.131481
0 0.768229 0.348148 0.034375 0.0407407
0 0.853125 0.410185 0.05625 0.0537037
0 0.897396 0.439815 0.0822917 0.0833333
0 0.969271 0.550926 0.0614583 0.12037
0 0.293229 0.316667 0.0322917 0.0407407
0 0.270312 0.336111 0.040625 0.0462963
0 0.943229 0.478704 0.0885417 0.0833333
0 0.243229 0.355556 0.0427083 0.0518519
0 0.0119792 0.541667 0.0239583 0.0722222
0 0.688542 0.424074 0.05625 0.0814815
0 0.114583 0.446296 0.08125 0.0888889
0 0.607813 0.402778 0.046875 0.0648148
0 0.211979 0.375926 0.0510417 0.0518519
