0 0.0473958 0.0694444 0.021875 0.0314815
0 0.0078125 0.0842593 0.015625 0.0388889
0 0.175 0.160185 0.0520833 0.0981481
0 0.2375 0.160185 0.04375 0.0574074
0 0.286979 0.263889 0.0697917 0.12037
0 0.614062 0.138889 0.0614583 0.0592593
0 0.652083 0.175926 0.0666667 0.0666667
0 0.138021 0.25463 0.0552083 0.0907407
0 0.797396 0.342593 0.109375 0.0777778
0 0.629687 0.225 0.090625 0.0833333
0 0.139062 0.538889 0.0947917 0.174074
0 0.873438 0.265741 0.113542 0.087037
0 0.478646 0.52963 0.144792 0.181481
0 0.541146 0.414815 0.123958 0.140741
