0 0.314063 0.151852 0.028125 0.0407407
0 0.30625 0.159259 0.0270833 0.0444444
0 0.611458 0.0583333 0.0166667 0.0240741
0 0.0572917 0.282407 0.0604167 0.0648148
0 0.851042 0.151852 0.0604167 0.0592593
0 0.575521 0.0861111 0.0197917 0.0425926
0 0.939583 0.200926 0.0604167 0.0648148
0 0.949479 0.157407 0.0760417 0.062963
0 0.292708 0.166667 0.0333333 0.037037
0 0.647396 0.113889 0.0260417 0.0388889
0 0.264062 0.19537 0.034375 0.0574074
0 0.642708 0.174074 0.0375 0.0592593
0 0.970833 0.224074 0.0583333 0.0703704
0 0.0630208 0.359259 0.034375 0.0740741
0 0.239063 0.209259 0.040625 0.0518519
0 0.156771 0.221296 0.0489583 0.0611111
0 0.4375 0.225926 0.0520833 0.0851852
0 0.125 0.29537 0.0520833 0.0722222
0 0.090625 0.326852 0.0729167 0.087037
0 0.204688 0.22963 0.0572917 0.0592593
0 0.630208 0.322222 0.0645833 0.1
0 0.670833 0.232407 0.0479167 0.0685185
0 0.761979 0.435185 0.0927083 0.133333
