0 0.722917 0.0333333 0.0270833 0.0333333
0 0.990625 0.0388889 0.01875 0.0333333
0 0.910937 0.0212963 0.021875 0.0388889
0 0.795833 0.130556 0.0416667 0.0574074
0 0.58125 0.122222 0.0479167 0.0518519
0 0.457292 0.207407 0.0604167 0.0666667
0 0.941146 0.0518519 0.028125 0.0407407
0 0.485938 0.228704 0.078125 0.0759259
0 0.918229 0.137963 0.040625 0.0685185
0 0.839063 0.150926 0.046875 0.0833333
0 0.384896 0.217593 0.0739583 0.0685185
0 0.479167 0.291667 0.0833333 0.0907407
0 0.202604 0.541667 0.136458 0.17963
0 0.747917 0.863889 0.166667 0.268519
0 0.117188 0.431481 0.136458 0.12963
