0 0.864583 0.112963 0.0333333 0.062963
0 0.588021 0.0212963 0.0239583 0.0388889
0 0.223438 0.112963 0.034375 0.062963
0 0.596354 0.0592593 0.028125 0.0444444
0 0.473958 0.025 0.0208333 0.0351852
0 0.426562 0.111111 0.040625 0.0740741
0 0.0317708 0.251852 0.0302083 0.0777778
0 0.489583 0.0509259 0.025 0.0425926
0 0.567708 0.0768519 0.03125 0.05
0 0.617188 0.109259 0.0364583 0.062963
0 0.0479167 0.172222 0.0375 0.0592593
0 0.891667 0.136111 0.05 0.0759259
0 0.28125 0.202778 0.08125 0.101852
0 0.982292 0.210185 0.0354167 0.105556
0 0.0161458 0.262037 0.0322917 0.0907407
0 0.961979 0.152778 0.0760417 0.0648148
0 0.577083 0.162037 0.04375 0.0759259
0 0.708854 0.263889 0.065625 0.0907407
0 0.602083 0.307407 0.06875 0.111111
0 0.783333 0.559259 0.133333 0.188889
