0 0.570312 0.0453704 0.021875 0.0388889
0 0.323438 0.174074 0.0427083 0.062963
0 0.589583 0.0944444 0.0375 0.0407407
0 0.249479 0.261111 0.046875 0.0777778
0 0.600521 0.0611111 0.0239583 0.0407407
0 0.749479 0.0592593 0.0322917 0.0444444
0 0.175 0.318519 0.0375 0.1
0 0.721354 0.087037 0.034375 0.0555556
0 0.633854 0.0925926 0.0322917 0.0555556
0 0.585417 0.137963 0.0395833 0.0537037
0 0.2625 0.235185 0.05625 0.0666667
0 0.649479 0.132407 0.0364583 0.0648148
0 0.360938 0.17963 0.0739583 0.0703704
0 0.0317708 0.462963 0.0635417 0.107407
0 0.751042 0.147222 0.0458333 0.0685185
0 0.0786458 0.40463 0.0802083 0.0944444
0 0.135417 0.362963 0.0833333 0.111111
0 0.494271 0.201852 0.0677083 0.0703704
0 0.897917 0.237963 0.0770833 0.0944444
0 0.665104 0.275 0.0635417 0.105556
0 0.590625 0.192593 0.0520833 0.0814815
0 0.964583 0.336111 0.0708333 0.124074
