0 0.389583 0.0685185 0.0395833 0.0407407
0 0.228646 0.0583333 0.0322917 0.0425926
0 0.205729 0.0111111 0.021875 0.0222222
0 0.377083 0.087963 0.0479167 0.05
0 0.065625 0.0851852 0.03125 0.037037
0 0.0286458 0.0351852 0.0197917 0.0407407
0 0.329167 0.0925926 0.0395833 0.0481481
0 0.015625 0.0824074 0.03125 0.0537037
0 0.481771 0.122222 0.0635417 0.0592593
0 0.960938 0.267593 0.078125 0.0685185
0 0.433854 0.172222 0.0635417 0.0481481
0 0.688542 0.251852 0.1 0.107407
0 0.494271 0.167593 0.0677083 0.0685185
0 0.9375 0.324074 0.125 0.107407
0 0.0838542 0.262963 0.059375 0.0851852
0 0.222396 0.302778 0.071875 0.105556
0 0.281771 0.214815 0.0635417 0.0777778
0 0.803125 0.252778 0.104167 0.0944444
0 0.6875 0.797222 0.225 0.283333
