0 0.45 0.140741 0.0229167 0.037037
0 0.533333 0.131481 0.0229167 0.0333333
0 0.0442708 0.0444444 0.0552083 0.037037
0 0.478646 0.159259 0.0302083 0.0592593
0 0.649479 0.128704 0.021875 0.0462963
0 0.349479 0.210185 0.0322917 0.0574074
0 0.717188 0.163889 0.028125 0.0388889
0 0.526563 0.17037 0.028125 0.0407407
0 0.623438 0.167593 0.0302083 0.0537037
0 0.453125 0.210185 0.0375 0.0574074
0 0.403646 0.215741 0.0322917 0.05
0 0.297396 0.266667 0.0447917 0.062963
0 0.352604 0.280556 0.0447917 0.0759259
0 0.435417 0.275 0.04375 0.0648148
0 0.683333 0.192593 0.0375 0.062963
0 0.633854 0.233333 0.0364583 0.0555556
0 0.160938 0.516667 0.115625 0.177778
0 0.845312 0.291667 0.0552083 0.0759259
0 0.374479 0.376852 0.0552083 0.112963
0 0.0963542 0.9 0.173958 0.196296
0 0.753646 0.337963 0.059375 0.087037
0 0.706771 0.561111 0.084375 0.133333
