0 0.85625 0.175926 0.03125 0.0296296
0 0.926562 0.188889 0.015625 0.0222222
0 0.943229 0.173148 0.015625 0.0277778
0 0.670833 0.247222 0.0354167 0.0425926
0 0.642708 0.257407 0.0333333 0.0407407
0 0.415104 0.340741 0.0677083 0.0666667
0 0.988542 0.230556 0.0229167 0.0425926
0 0.610417 0.273148 0.0416667 0.0425926
0 0.574479 0.286111 0.0489583 0.0462963
0 0.964063 0.281481 0.0364583 0.0555556
0 0.53125 0.300926 0.05 0.0462963
0 0.356771 0.374074 0.0760417 0.0777778
0 0.174479 0.396296 0.059375 0.062963
0 0.266667 0.411111 0.0958333 0.0777778
