0 0.421354 0.109259 0.046875 0.0666667
0 0.0260417 0.137963 0.0354167 0.0574074
0 0.186458 0.149074 0.0520833 0.0796296
0 0.0994792 0.157407 0.0447917 0.0592593
0 0.441146 0.156481 0.0614583 0.0759259
0 0.171875 0.217593 0.0604167 0.0796296
0 0.544792 0.128704 0.0625 0.0574074
0 0.302604 0.411111 0.107292 0.177778
0 0.538021 0.237963 0.0864583 0.0796296
0 0.09375 0.256481 0.0645833 0.0907407
0 0.0390625 0.49537 0.078125 0.164815
0 0.4375 0.362963 0.1 0.140741
0 0.828646 0.280556 0.123958 0.0907407
