0 0.855729 0.163889 0.065625 0.0537037
0 0.9875 0.337963 0.025 0.0574074
0 0.0307292 0.20463 0.0260417 0.0388889
0 0.05 0.181481 0.0229167 0.0333333
0 0.3125 0.149074 0.0375 0.0351852
0 0.819792 0.162037 0.0541667 0.0574074
0 0.209375 0.192593 0.0375 0.0407407
0 0.0901042 0.210185 0.034375 0.0462963
0 0.975521 0.166667 0.0489583 0.0814815
0 0.510417 0.112037 0.075 0.0462963
0 0.0583333 0.238889 0.0375 0.0555556
0 0.695312 0.937963 0.242708 0.12037
0 0.748438 0.233333 0.0885417 0.0740741
0 0.636458 0.387037 0.152083 0.114815
0 0.559375 0.424074 0.1375 0.111111
0 0.386979 0.278704 0.0822917 0.0759259
0 0.168229 0.341667 0.0635417 0.0907407
0 0.464063 0.527778 0.144792 0.192593
