0 0.654688 0.183333 0.040625 0.0444444
0 0.965625 0.0731481 0.01875 0.0277778
0 0.821354 0.157407 0.0322917 0.0444444
0 0.844792 0.208333 0.0375 0.05
0 0.0552083 0.559259 0.110417 0.137037
0 0.530729 0.22963 0.0489583 0.0518519
0 0.976042 0.374074 0.0479167 0.0962963
0 0.730729 0.418519 0.078125 0.111111
0 0.678125 0.359259 0.0708333 0.0888889
0 0.880208 0.313889 0.0520833 0.0796296
0 0.311458 0.324074 0.0854167 0.0962963
0 0.334896 0.488889 0.128125 0.12963
0 0.346875 0.366667 0.0979167 0.0962963
0 0.956771 0.743519 0.0864583 0.235185
0 0.446875 0.90463 0.229167 0.183333
0 0.816146 0.566667 0.0947917 0.159259
0 0.141146 0.549074 0.169792 0.198148
0 0.351042 0.825 0.202083 0.261111
