0 0.701042 0.172222 0.0354167 0.0592593
0 0.945312 0.0527778 0.0135417 0.0240741
0 0.921354 0.0833333 0.0177083 0.0259259
0 0.890104 0.0740741 0.015625 0.0222222
0 0.792708 0.075 0.0166667 0.0240741
0 0.858333 0.108333 0.01875 0.0277778
0 0.699479 0.15463 0.0322917 0.0388889
0 0.842188 0.136111 0.0239583 0.0314815
0 0.963021 0.110185 0.0239583 0.0425926
0 0.648438 0.144444 0.0302083 0.0333333
0 0.888021 0.113889 0.0197917 0.0314815
0 0.921875 0.133333 0.025 0.0407407
0 0.869792 0.152778 0.03125 0.0425926
0 0.0109375 0.675 0.021875 0.0944444
0 0.894792 0.275 0.05 0.0759259
0 0.71875 0.301852 0.0604167 0.0777778
0 0.375 0.457407 0.122917 0.137037
0 0.403125 0.790741 0.191667 0.255556
