0 0.398958 0.240741 0.185417 0.207407
0 0.972396 0.19537 0.0552083 0.05
0 0.594792 0.194444 0.0854167 0.0814815
0 0.520312 0.260185 0.084375 0.105556
0 0.726042 0.235185 0.116667 0.1
0 0.300521 0.27963 0.0760417 0.1
0 0.910417 0.287963 0.1625 0.142593
0 0.809375 0.390741 0.166667 0.114815
0 0.952604 0.47963 0.0947917 0.177778
0 0.836458 0.50463 0.18125 0.216667
0 0.632812 0.324074 0.134375 0.114815
0 0.966667 0.644444 0.0666667 0.155556
0 0.361979 0.336111 0.0760417 0.101852
0 0.652083 0.42963 0.166667 0.148148
0 0.438542 0.396296 0.114583 0.12963
0 0.595312 0.512037 0.159375 0.172222
0 0.826563 0.67963 0.280208 0.340741
