0 0.113542 0.211111 0.04375 0.0407407
0 0.382292 0.0972222 0.0395833 0.0388889
0 0.228125 0.160185 0.04375 0.0425926
0 0.278125 0.135185 0.0354167 0.037037
0 0.159375 0.158333 0.0229167 0.0277778
0 0.0651042 0.22963 0.078125 0.0592593
0 0.989062 0.49537 0.021875 0.0944444
0 0.333333 0.122222 0.0333333 0.037037
0 0.447396 0.0759259 0.034375 0.0296296
0 0.413021 0.0851852 0.0322917 0.0296296
0 0.0296875 0.213889 0.059375 0.05
0 0.208333 0.162037 0.0541667 0.0462963
0 0.934896 0.025 0.0385417 0.0462963
0 0.590625 0.35463 0.1375 0.124074
0 0.340625 0.300926 0.0583333 0.0574074
0 0.656771 0.0925926 0.0447917 0.0555556
0 0.530729 0.216667 0.0614583 0.0592593
0 0.634375 0.172222 0.0520833 0.0592593
0 0.310937 0.357407 0.0802083 0.0777778
0 0.164062 0.488889 0.115625 0.125926
0 0.851562 0.266667 0.096875 0.103704
