0 0.657812 0.262037 0.0614583 0.0425926
0 0.860937 0.185185 0.0447917 0.037037
0 0.671354 0.255556 0.0385417 0.0407407
0 0.642187 0.268519 0.034375 0.0407407
0 0.409375 0.349074 0.0770833 0.0685185
0 0.608854 0.27963 0.040625 0.0444444
0 0.988021 0.233333 0.0239583 0.0481481
0 0.571354 0.29537 0.046875 0.0462963
0 0.870833 0.37037 0.0666667 0.1
0 0.530729 0.308333 0.0510417 0.0462963
0 0.355729 0.381481 0.071875 0.0777778
0 0.172917 0.403704 0.0604167 0.062963
0 0.706771 0.544444 0.0864583 0.125926
0 0.264062 0.419444 0.0947917 0.0759259
0 0.513021 0.87037 0.242708 0.255556
