0 0.135417 0.0888889 0.0333333 0.062963
0 0.0473958 0.0583333 0.0197917 0.0314815
0 0.0671875 0.0768519 0.028125 0.0462963
0 0.01875 0.0777778 0.0270833 0.037037
0 0.366667 0.117593 0.04375 0.0537037
0 0.520312 0.212037 0.0927083 0.0722222
0 0.476042 0.165741 0.05625 0.0648148
0 0.610937 0.171296 0.078125 0.087037
0 0.686458 0.175926 0.0770833 0.0703704
0 0.659375 0.296296 0.0958333 0.0888889
0 0.872917 0.292593 0.0958333 0.0888889
0 0.260938 0.205556 0.059375 0.0703704
0 0.144792 0.172222 0.04375 0.0555556
0 0.936458 0.256481 0.0916667 0.0907407
0 0.823438 0.322222 0.123958 0.107407
0 0.170833 0.339815 0.075 0.109259
0 0.41875 0.338889 0.0895833 0.107407
0 0.573958 0.744444 0.227083 0.325926
