0 0.848437 0.172222 0.034375 0.0296296
0 0.944271 0.209259 0.0260417 0.0407407
0 0.660417 0.244444 0.0354167 0.037037
0 0.948958 0.225926 0.0291667 0.0481481
0 0.634375 0.255556 0.0354167 0.0407407
0 0.874479 0.190741 0.0177083 0.0259259
0 0.600521 0.27037 0.0427083 0.0444444
0 0.163542 0.390741 0.0604167 0.062963
0 0.861979 0.326852 0.0552083 0.0722222
0 0.561979 0.284259 0.0427083 0.0462963
0 0.403125 0.338889 0.0729167 0.0666667
0 0.920313 0.374074 0.0510417 0.0814815
0 0.521875 0.297222 0.0479167 0.0462963
0 0.0671875 0.574074 0.134375 0.133333
0 0.0338542 0.742593 0.0677083 0.12963
0 0.255208 0.408333 0.0958333 0.0796296
