0 0.333333 0.287037 0.0333333 0.037037
0 0.788021 0.362963 0.0302083 0.0444444
0 0.615625 0.263889 0.0208333 0.0277778
0 0.680729 0.300926 0.0239583 0.0277778
0 0.770312 0.342593 0.040625 0.0407407
0 0.811979 0.401852 0.0364583 0.0777778
0 0.942708 0.473148 0.0895833 0.0833333
0 0.853646 0.406481 0.053125 0.0537037
0 0.270833 0.331481 0.0354167 0.0444444
0 0.295312 0.312037 0.0364583 0.0425926
0 0.986458 0.562963 0.0270833 0.0740741
0 0.898958 0.431481 0.08125 0.0814815
0 0.975521 0.509259 0.0489583 0.0666667
0 0.113542 0.439815 0.0875 0.0907407
0 0.0130208 0.537963 0.0260417 0.0796296
0 0.571875 0.264815 0.025 0.0259259
0 0.243229 0.350926 0.0427083 0.05
0 0.655729 0.472222 0.0635417 0.0888889
0 0.213542 0.371296 0.0520833 0.0537037
