0 0.860417 0.196296 0.0270833 0.0518519
0 0.991146 0.309259 0.0177083 0.0740741
0 0.863021 0.176852 0.028125 0.0388889
0 0.135937 0.238889 0.0614583 0.062963
0 0.796875 0.143519 0.0291667 0.0462963
0 0.928646 0.214815 0.138542 0.0666667
0 0.79375 0.199074 0.025 0.0537037
0 0.611458 0.0953704 0.0229167 0.0388889
0 0.443229 0.181481 0.034375 0.0555556
0 0.49375 0.146296 0.03125 0.0555556
0 0.364062 0.282407 0.053125 0.0833333
0 0.413021 0.230556 0.040625 0.0685185
0 0.0458333 0.237037 0.0395833 0.0592593
0 0.479688 0.202778 0.0364583 0.0611111
0 0.980208 0.273148 0.0395833 0.087037
0 0.8875 0.205556 0.0479167 0.0740741
0 0.310937 0.251852 0.0572917 0.0777778
0 0.477604 0.268519 0.0489583 0.0777778
0 0.35 0.347222 0.06875 0.12037
0 0.959375 0.224074 0.08125 0.062963
0 0.447396 0.416667 0.078125 0.125926
0 0.225 0.681481 0.14375 0.225926
0 0.410937 0.707407 0.128125 0.237037
