0 0.891146 0.012963 0.0177083 0.0259259
0 0.707292 0.0425926 0.025 0.0333333
0 0.835938 0.0759259 0.0302083 0.0444444
0 0.696875 0.101852 0.0354167 0.037037
0 0.982292 0.123148 0.0333333 0.05
0 0.591146 0.138889 0.0510417 0.0518519
0 0.979688 0.434259 0.040625 0.131481
0 0.853646 0.142593 0.0427083 0.0592593
0 0.8875 0.211111 0.0458333 0.0703704
0 0.639583 0.176852 0.05 0.0611111
0 0.408854 0.224074 0.0677083 0.0666667
0 0.455208 0.227778 0.0666667 0.0740741
0 0.878646 0.348148 0.065625 0.1
0 0.615104 0.599074 0.138542 0.194444
0 0.225 0.462037 0.120833 0.142593
0 0.102604 0.475 0.153125 0.142593
