0 0.484896 0.0546296 0.0364583 0.0388889
0 0.732292 0.102778 0.03125 0.0537037
0 0.322396 0.0916667 0.0447917 0.0425926
0 0.828646 0.202778 0.090625 0.0611111
0 0.1 0.121296 0.0375 0.0537037
0 0.0078125 0.124074 0.015625 0.0333333
0 0.764063 0.106481 0.0510417 0.0648148
0 0.685938 0.0953704 0.0364583 0.0425926
0 0.808333 0.105556 0.0541667 0.0518519
0 0.916146 0.110185 0.046875 0.0759259
0 0.455208 0.0453704 0.0604167 0.0462963
0 0.132292 0.151852 0.0458333 0.0481481
0 0.165104 0.137963 0.0364583 0.0462963
0 0.053125 0.165741 0.0416667 0.0537037
0 0.694271 0.173148 0.0864583 0.0759259
0 0.0296875 0.232407 0.0572917 0.0796296
