0 0.280208 0.244444 0.0354167 0.0703704
0 0.0989583 0.268519 0.0125 0.037037
0 0.2375 0.152778 0.0333333 0.0240741
0 0.652083 0.248148 0.0520833 0.0444444
0 0.601042 0.238889 0.0354167 0.0333333
0 0.028125 0.371296 0.05625 0.0833333
0 0.203125 0.162037 0.0229167 0.0240741
0 0.564583 0.227778 0.0520833 0.037037
0 0.714583 0.260185 0.06875 0.0574074
0 0.925 0.325926 0.09375 0.0666667
0 0.05 0.289815 0.0375 0.0611111
0 0.0385417 0.225926 0.025 0.0444444
0 0.383854 0.214815 0.0385417 0.0407407
0 0.841667 0.302778 0.0875 0.0574074
0 0.776042 0.421296 0.139583 0.0907407
0 0.559375 0.374074 0.0833333 0.118519
0 0.766667 0.581481 0.191667 0.177778
