0 0.475 0.103704 0.01875 0.0296296
0 0.707812 0.0916667 0.0197917 0.0388889
0 0.634375 0.0833333 0.0166667 0.0259259
0 0.6625 0.0916667 0.0229167 0.0314815
0 0.50625 0.105556 0.0208333 0.0296296
0 0.609375 0.101852 0.01875 0.0259259
0 0.541667 0.0907407 0.01875 0.037037
0 0.403125 0.200926 0.0354167 0.0462963
0 0.521354 0.173148 0.028125 0.0462963
0 0.322396 0.227778 0.0447917 0.062963
0 0.684375 0.176852 0.0291667 0.0574074
0 0.743229 0.191667 0.0385417 0.05
0 0.830208 0.214815 0.04375 0.0555556
0 0.363542 0.25 0.0395833 0.0592593
0 0.710938 0.243519 0.0427083 0.0574074
0 0.655208 0.251852 0.04375 0.0777778
0 0.91875 0.297222 0.0625 0.0759259
0 0.823438 0.282407 0.0552083 0.0685185
0 0.201562 0.362037 0.0739583 0.087037
0 0.307292 0.337963 0.0604167 0.0833333
0 0.954687 0.50463 0.090625 0.12037
0 0.408854 0.537963 0.084375 0.15
0 0.259375 0.585185 0.108333 0.162963
