0 0.174479 0.322222 0.0364583 0.0925926
0 0.0567708 0.432407 0.111458 0.124074
0 0.569271 0.103704 0.0322917 0.0518519
0 0.333333 0.176852 0.0541667 0.0648148
0 0.284375 0.175 0.04375 0.0648148
0 0.389583 0.128704 0.0416667 0.0388889
0 0.246875 0.271296 0.0458333 0.0796296
0 0.59375 0.0777778 0.0291667 0.0592593
0 0.611979 0.10463 0.0322917 0.0574074
0 0.763021 0.0972222 0.040625 0.0574074
0 0.655208 0.0981481 0.03125 0.0481481
0 0.264583 0.24537 0.04375 0.0722222
0 0.534375 0.205556 0.0625 0.114815
0 0.583854 0.139815 0.0364583 0.0611111
0 0.03125 0.47037 0.0625 0.107407
0 0.380729 0.176852 0.059375 0.0648148
0 0.135937 0.37037 0.0822917 0.107407
0 0.644271 0.181481 0.046875 0.0740741
0 0.0796875 0.411111 0.0802083 0.0925926
0 0.659896 0.300926 0.0739583 0.138889
0 0.856771 0.238889 0.071875 0.0925926
0 0.493229 0.321296 0.071875 0.109259
0 0.360938 0.625926 0.136458 0.222222
0 0.860937 0.403704 0.109375 0.162963
