0 0.153646 0.186111 0.0489583 0.0574074
0 0.947917 0.128704 0.0791667 0.0648148
0 0.258333 0.187037 0.0479167 0.0851852
0 0.498437 0.0453704 0.0197917 0.0277778
0 0.433333 0.127778 0.0291667 0.0518519
0 0.630208 0.109259 0.0375 0.0740741
0 0.938021 0.174074 0.0635417 0.062963
0 0.525 0.113889 0.025 0.0537037
0 0.571875 0.0666667 0.0270833 0.0481481
0 0.969271 0.194444 0.0614583 0.0740741
0 0.416146 0.960185 0.140625 0.0759259
0 0.472396 0.0944444 0.0260417 0.0407407
0 0.681771 0.125926 0.0322917 0.0481481
0 0.200521 0.197222 0.0572917 0.0574074
0 0.326042 0.234259 0.05 0.0722222
0 0.449479 0.166667 0.0364583 0.0777778
0 0.121354 0.261111 0.0552083 0.0740741
0 0.657292 0.171296 0.0416667 0.0648148
0 0.0822917 0.294444 0.06875 0.0888889
0 0.514583 0.158333 0.0375 0.0574074
0 0.378646 0.25 0.0572917 0.0814815
0 0.693229 0.225 0.0572917 0.0833333
0 0.620313 0.272222 0.0552083 0.0888889
0 0.710938 0.655556 0.153125 0.292593
0 0.790625 0.273148 0.0645833 0.0907407
0 0.358854 0.357407 0.0864583 0.118519
0 0.947917 0.680556 0.102083 0.224074
0 0.301562 0.616667 0.134375 0.214815
0 0.767187 0.42037 0.101042 0.155556
