0 0.755208 0.0518519 0.0270833 0.0333333
0 0.982292 0.0157407 0.0208333 0.0277778
0 0.603125 0.1 0.0375 0.0407407
0 0.665625 0.0805556 0.0354167 0.0574074
0 0.919271 0.109259 0.034375 0.0518519
0 0.833854 0.0916667 0.0322917 0.0425926
0 0.982813 0.101852 0.0322917 0.0481481
0 0.510938 0.166667 0.0489583 0.0481481
0 0.977083 0.22037 0.0458333 0.0777778
0 0.447396 0.235185 0.0677083 0.0703704
0 0.717708 0.337037 0.0770833 0.103704
0 0.823438 0.20463 0.0489583 0.0685185
0 0.480208 0.262963 0.0770833 0.0777778
0 0.261458 0.423148 0.139583 0.135185
0 0.266146 0.32963 0.101042 0.0962963
0 0.369271 0.398148 0.128125 0.159259
0 0.497396 0.563889 0.153125 0.183333
