0 0.327604 0.2 0.0385417 0.0592593
0 0.672396 0.0638889 0.0260417 0.0314815
0 0.241146 0.210185 0.0447917 0.0611111
0 0.927604 0.117593 0.0302083 0.0425926
0 0.295312 0.218519 0.059375 0.062963
0 0.579687 0.112963 0.0322917 0.0518519
0 0.959896 0.126852 0.0510417 0.0425926
0 0.602083 0.0703704 0.0208333 0.0333333
0 0.2375 0.289815 0.05 0.0833333
0 0.174479 0.361111 0.084375 0.0925926
0 0.215104 0.324074 0.065625 0.0925926
0 0.582812 0.184259 0.040625 0.087037
0 0.122396 0.417593 0.0885417 0.112963
0 0.0729167 0.481481 0.0916667 0.133333
0 0.034375 0.537037 0.06875 0.137037
0 0.829167 0.150926 0.0458333 0.0574074
0 0.503125 0.35 0.06875 0.133333
0 0.897396 0.861111 0.198958 0.274074
0 0.721875 0.343519 0.0729167 0.112963
0 0.606771 0.35463 0.0739583 0.135185
