0 0.502604 0.200926 0.009375 0.012963
0 0.332292 0.285185 0.0354167 0.0444444
0 0.317187 0.289815 0.0364583 0.0425926
0 0.826563 0.375926 0.0302083 0.0481481
0 0.0567708 0.383333 0.0489583 0.0407407
0 0.767187 0.339815 0.0322917 0.0388889
0 0.245312 0.343519 0.0385417 0.05
0 0.271875 0.325 0.0375 0.0462963
0 0.296875 0.307407 0.0354167 0.0444444
0 0.482292 0.237037 0.0145833 0.0259259
0 0.855208 0.401852 0.0541667 0.0518519
0 0.977083 0.505556 0.0458333 0.0666667
0 0.592708 0.274074 0.01875 0.0296296
0 0.986979 0.55463 0.0260417 0.0833333
0 0.942187 0.471296 0.0802083 0.0833333
0 0.903125 0.425926 0.08125 0.0851852
0 0.558333 0.353704 0.0333333 0.0518519
0 0.0140625 0.532407 0.028125 0.0796296
0 0.118229 0.432407 0.0802083 0.0944444
0 0.214583 0.363889 0.0479167 0.0537037
