0 0.353646 0.101852 0.0447917 0.0444444
0 0.26875 0.0944444 0.0395833 0.0444444
0 0.527604 0.0731481 0.0697917 0.0425926
0 0.417188 0.118519 0.0447917 0.0444444
0 0.0380208 0.0666667 0.0322917 0.0296296
0 0.827604 0.122222 0.0552083 0.062963
0 0.876042 0.122222 0.0520833 0.0592593
0 0.383333 0.113889 0.0416667 0.0462963
0 0.316146 0.105556 0.034375 0.0333333
0 0.00625 0.112037 0.0125 0.0277778
0 0.509896 0.0666667 0.0489583 0.0407407
0 0.0791667 0.0907407 0.01875 0.0259259
0 0.89375 0.219444 0.09375 0.0611111
0 0.980729 0.125926 0.0385417 0.0814815
0 0.198958 0.324074 0.075 0.1
0 0.75625 0.193519 0.0854167 0.0759259
0 0.263021 0.172222 0.053125 0.0703704
