0 0.882292 0.0648148 0.025 0.0407407
0 0.603125 0.103704 0.0375 0.0444444
0 0.975 0.0296296 0.0229167 0.037037
0 0.671875 0.118519 0.0375 0.0444444
0 0.859375 0.0481481 0.0229167 0.0296296
0 0.630729 0.182407 0.0552083 0.0722222
0 0.283333 0.863889 0.24375 0.264815
0 0.861458 0.151852 0.0416667 0.0592593
0 0.508854 0.169444 0.053125 0.0537037
0 0.547396 0.200926 0.0572917 0.0648148
0 0.908854 0.235185 0.053125 0.0851852
0 0.451042 0.236111 0.0666667 0.0685185
0 0.555729 0.750926 0.192708 0.287037
0 0.845312 0.446296 0.078125 0.133333
0 0.38125 0.337037 0.09375 0.103704
0 0.417188 0.377778 0.105208 0.114815
