0 0.942708 0.0861111 0.0166667 0.0351852
0 0.0411458 0.0759259 0.0822917 0.0777778
0 0.0114583 0.105556 0.0229167 0.0296296
0 0.885417 0.0981481 0.0166667 0.0222222
0 0.91875 0.0842593 0.0166667 0.0314815
0 0.736979 0.119444 0.021875 0.0351852
0 0.775521 0.119444 0.0260417 0.0351852
0 0.0817708 0.1 0.084375 0.0407407
0 0.732292 0.172222 0.0354167 0.0407407
0 0.802604 0.322222 0.0614583 0.114815
0 0.683333 0.150926 0.03125 0.0462963
0 0.829167 0.174074 0.03125 0.0444444
0 0.50625 0.228704 0.0479167 0.0574074
0 0.665625 0.196296 0.0354167 0.0444444
0 0.515625 0.34537 0.0645833 0.101852
0 0.552083 0.237963 0.0520833 0.05
0 0.411458 0.321296 0.0729167 0.0722222
