0 0.811979 0.0472222 0.0385417 0.0462963
0 0.448958 0.0740741 0.0458333 0.037037
0 0.590625 0.35 0.141667 0.140741
0 0.229687 0.159259 0.0885417 0.0555556
0 0.659896 0.252778 0.0614583 0.087037
0 0.01875 0.237037 0.0375 0.0481481
0 0.317187 0.115741 0.0447917 0.05
0 0.0333333 0.213889 0.0645833 0.0537037
0 0.498437 0.228704 0.078125 0.105556
0 0.554688 0.242593 0.0739583 0.0555556
0 0.708333 0.0898148 0.0479167 0.0462963
0 0.436458 0.269444 0.0583333 0.0611111
0 0.0817708 0.598148 0.128125 0.122222
0 0.931771 0.197222 0.0885417 0.087037
0 0.759375 0.361111 0.122917 0.118519
0 0.403125 0.666667 0.197917 0.192593
