0 0.0473958 0.185185 0.0385417 0.0555556
0 0.928646 0.164815 0.138542 0.0703704
0 0.857813 0.118519 0.034375 0.0407407
0 0.482812 0.0111111 0.0197917 0.0222222
0 0.46875 0.0611111 0.0270833 0.0444444
0 0.863542 0.137037 0.0291667 0.0555556
0 0.797396 0.0953704 0.034375 0.05
0 0.502604 0.0611111 0.0239583 0.0481481
0 0.825 0.112963 0.0270833 0.0444444
0 0.386458 0.133333 0.0354167 0.0555556
0 0.296354 0.256481 0.053125 0.0944444
0 0.98125 0.234259 0.0375 0.105556
0 0.0796875 0.237037 0.0864583 0.0814815
0 0.479688 0.22037 0.0510417 0.0851852
0 0.888021 0.159259 0.053125 0.0777778
0 0.399479 0.248148 0.0635417 0.0851852
0 0.105729 0.284259 0.0677083 0.0981481
0 0.349479 0.297222 0.0677083 0.0981481
0 0.282292 0.35463 0.0729167 0.124074
0 0.960417 0.176852 0.0770833 0.0648148
0 0.28125 0.552778 0.13125 0.25
