0 0.0911458 0.19537 0.021875 0.0314815
0 0.24375 0.227778 0.0375 0.0518519
0 0.171354 0.193519 0.0260417 0.0388889
0 0.457292 0.232407 0.0666667 0.0685185
0 0.127604 0.215741 0.0260417 0.05
0 0.0875 0.837963 0.175 0.312963
0 0.484896 0.323148 0.0552083 0.105556
0 0.201042 0.247222 0.0375 0.05
0 0.506771 0.298148 0.0677083 0.0740741
0 0.567187 0.275926 0.0822917 0.0888889
0 0.270312 0.284259 0.046875 0.0611111
0 0.710417 0.331481 0.10625 0.0888889
0 0.851562 0.373148 0.140625 0.131481
0 0.813542 0.590741 0.177083 0.218519
0 0.257812 0.335185 0.059375 0.0888889
0 0.576563 0.388889 0.115625 0.107407
0 0.75625 0.480556 0.158333 0.142593
0 0.954167 0.733333 0.0916667 0.162963
0 0.33125 0.401852 0.0791667 0.1
0 0.923958 0.561111 0.152083 0.196296
0 0.778646 0.933333 0.234375 0.12963
0 0.243229 0.427778 0.0864583 0.137037
0 0.632292 0.513889 0.16875 0.146296
0 0.573958 0.59537 0.160417 0.172222
0 0.405208 0.465741 0.10625 0.127778
0 0.80625 0.768519 0.279167 0.348148
