0 0.8875 0.0416667 0.01875 0.0277778
0 0.755208 0.0537037 0.0270833 0.0296296
0 0.785937 0.0435185 0.0197917 0.0314815
0 0.703125 0.0722222 0.025 0.0296296
0 0.915104 0.0453704 0.021875 0.0537037
0 0.607292 0.132407 0.0354167 0.0425926
0 0.95 0.0490741 0.0229167 0.0388889
0 0.905208 0.107407 0.0270833 0.0444444
0 0.643229 0.173148 0.0447917 0.0574074
0 0.501562 0.207407 0.0572917 0.0592593
0 0.53125 0.224074 0.0604167 0.0666667
0 0.663021 0.305556 0.065625 0.0888889
0 0.0421875 0.691667 0.084375 0.164815
0 0.353646 0.264815 0.0802083 0.0740741
0 0.800521 0.603704 0.101042 0.177778
