0 0.0317708 0.209259 0.0302083 0.0407407
0 0.35 0.15 0.0479167 0.0444444
0 0.0536458 0.183333 0.0260417 0.0333333
0 0.602083 0.201852 0.0270833 0.0555556
0 0.816146 0.162037 0.0572917 0.0611111
0 0.3125 0.15 0.0375 0.037037
0 0.204167 0.224074 0.0416667 0.0518519
0 0.0296875 0.257407 0.0385417 0.0555556
0 0.513021 0.113889 0.0697917 0.0425926
0 0.974479 0.166667 0.0510417 0.0814815
0 0.898438 0.275 0.117708 0.0796296
0 0.749479 0.230556 0.0885417 0.0685185
0 0.0895833 0.25 0.0375 0.0555556
0 0.309896 0.239815 0.0614583 0.0611111
0 0.213021 0.312963 0.059375 0.0777778
0 0.749479 0.45 0.186458 0.140741
0 0.416667 0.502778 0.141667 0.17963
0 0.209896 0.421296 0.0864583 0.12037
