0 0.453646 0.0990741 0.0302083 0.0611111
0 0.239583 0.188889 0.04375 0.0555556
0 0.5 0.0935185 0.0229167 0.0351852
0 0.666146 0.0898148 0.028125 0.0425926
0 0.626562 0.112037 0.028125 0.0462963
0 0.857813 0.137037 0.0552083 0.0592593
0 0.265625 0.169444 0.0375 0.05
0 0.95 0.138889 0.075 0.062963
0 0.940625 0.184259 0.0645833 0.0611111
0 0.481771 0.121296 0.0302083 0.0462963
0 0.157813 0.199074 0.0510417 0.0611111
0 0.526563 0.124074 0.028125 0.0444444
0 0.646354 0.14537 0.034375 0.0462963
0 0.990104 0.234259 0.0197917 0.0425926
0 0.203125 0.209259 0.0583333 0.062963
0 0.0875 0.305556 0.0645833 0.0888889
0 0.421354 0.15 0.0322917 0.0518519
0 0.461979 0.17963 0.0385417 0.062963
0 0.970833 0.206481 0.0583333 0.0648148
0 0.396354 0.216667 0.0489583 0.0740741
0 0.65625 0.180556 0.0458333 0.0611111
0 0.7 0.238889 0.0625 0.103704
0 0.246875 0.444444 0.0916667 0.144444
0 0.5125 0.235185 0.0520833 0.0814815
0 0.425 0.263889 0.05625 0.087037
0 0.838021 0.502778 0.113542 0.161111
0 0.336458 0.438889 0.09375 0.114815
0 0.324479 0.587037 0.126042 0.240741
