0 0.699479 0.147222 0.028125 0.0314815
0 0.650521 0.234259 0.0510417 0.0611111
0 0.00989583 0.103704 0.0197917 0.0296296
0 0.94375 0.100926 0.0166667 0.0240741
0 0.556771 0.232407 0.040625 0.05
0 0.078125 0.0962963 0.0895833 0.0407407
0 0.899479 0.115741 0.0177083 0.0277778
0 0.51875 0.226852 0.0479167 0.05
0 0.965625 0.138889 0.0270833 0.0481481
0 0.784375 0.234259 0.04375 0.0611111
0 0.578125 0.249074 0.05 0.0574074
0 0.832812 0.262963 0.0489583 0.0703704
0 0.343229 0.35463 0.0864583 0.109259
0 0.484375 0.374074 0.0854167 0.0962963
0 0.417188 0.362963 0.084375 0.0888889
0 0.576042 0.519444 0.108333 0.127778
0 0.672396 0.6 0.111458 0.162963
