0 0.717188 0.0351852 0.0302083 0.0555556
0 0.613021 0.0222222 0.021875 0.0407407
0 0.555208 0.0212963 0.0208333 0.0388889
0 0.752083 0.0740741 0.0354167 0.0481481
0 0.373437 0.110185 0.0385417 0.0537037
0 0.359375 0.133333 0.0375 0.0555556
0 0.803125 0.0824074 0.03125 0.05
0 0.307292 0.172222 0.0604167 0.0592593
0 0.339063 0.151852 0.0364583 0.0592593
0 0.247917 0.24537 0.0520833 0.087037
0 0.631771 0.0407407 0.0260417 0.037037
0 0.592188 0.0407407 0.028125 0.0555556
0 0.545833 0.0574074 0.0270833 0.0444444
0 0.226562 0.278704 0.065625 0.0981481
0 0.854167 0.0981481 0.0583333 0.062963
0 0.0848958 0.437963 0.090625 0.127778
0 0.783854 0.103704 0.0447917 0.0592593
0 0.186458 0.325 0.08125 0.112963
0 0.135417 0.37963 0.0916667 0.118519
0 0.96875 0.311111 0.0625 0.107407
0 0.121354 0.541667 0.123958 0.187037
0 0.040625 0.511111 0.08125 0.174074
0 0.627604 0.242593 0.0572917 0.1
0 0.725 0.407407 0.09375 0.155556
