0 0.398958 0.236111 0.189583 0.209259
0 0.126042 0.800926 0.208333 0.372222
0 0.607292 0.196296 0.0895833 0.0814815
0 0.520312 0.259259 0.084375 0.1
0 0.726042 0.22963 0.116667 0.0962963
0 0.299479 0.276852 0.0739583 0.105556
0 0.916667 0.289815 0.166667 0.138889
0 0.835938 0.502778 0.180208 0.22037
0 0.952604 0.476852 0.0947917 0.17963
0 0.632812 0.32037 0.132292 0.114815
0 0.966146 0.640741 0.0677083 0.155556
0 0.361979 0.332407 0.0760417 0.105556
0 0.808854 0.389815 0.165625 0.116667
0 0.651563 0.427778 0.165625 0.151852
0 0.436979 0.393519 0.115625 0.127778
0 0.594271 0.509259 0.159375 0.174074
0 0.825 0.676852 0.28125 0.338889
