0 0.609375 0.0666667 0.0208333 0.037037
0 0.479167 0.0796296 0.0166667 0.0296296
0 0.652083 0.0898148 0.01875 0.0314815
0 0.496354 0.0592593 0.0197917 0.0296296
0 0.529167 0.116667 0.025 0.037037
0 0.633333 0.0981481 0.0270833 0.0444444
0 0.426042 0.108333 0.025 0.0314815
0 0.752604 0.112037 0.0260417 0.0351852
0 0.703125 0.107407 0.0229167 0.0296296
0 0.447917 0.0814815 0.0208333 0.0296296
0 0.726562 0.131481 0.0302083 0.0481481
0 0.802604 0.157407 0.034375 0.0444444
0 0.516667 0.0703704 0.01875 0.0296296
0 0.429688 0.144444 0.0302083 0.0444444
0 0.547917 0.0564815 0.01875 0.0351852
0 0.484375 0.133333 0.0270833 0.0555556
0 0.620833 0.134259 0.0270833 0.0388889
0 0.982813 0.534259 0.034375 0.109259
0 0.847917 0.212963 0.0479167 0.0592593
0 0.367188 0.167593 0.0364583 0.05
0 0.526563 0.15463 0.0302083 0.0462963
0 0.778125 0.178704 0.04375 0.0648148
0 0.644792 0.190741 0.0375 0.0592593
0 0.817187 0.402778 0.0802083 0.101852
