0 0.719271 0.2 0.0989583 0.0777778
0 0.566667 0.0703704 0.0291667 0.0407407
0 0.582812 0.0157407 0.021875 0.0314815
0 0.892187 0.126852 0.0510417 0.0796296
0 0.578646 0.117593 0.0385417 0.0611111
0 0.611458 0.05 0.0270833 0.0444444
0 0.138021 0.162963 0.0572917 0.062963
0 0.0489583 0.162037 0.0416667 0.0685185
0 0.461458 0.0787037 0.0291667 0.0462963
0 0.393229 0.146296 0.0489583 0.0666667
0 0.356771 0.169444 0.078125 0.0722222
0 0.961458 0.14537 0.075 0.0648148
0 0.282292 0.193519 0.0833333 0.0981481
0 0.7875 0.492593 0.1375 0.203704
0 0.0208333 0.249074 0.0416667 0.087037
0 0.597396 0.214815 0.0572917 0.1
0 0.480208 0.168519 0.0458333 0.0777778
0 0.676042 0.225926 0.0604167 0.0888889
0 0.74375 0.190741 0.0520833 0.0814815
0 0.0932292 0.25463 0.059375 0.087037
0 0.686979 0.338889 0.0760417 0.125926
