0 0.202604 0.162963 0.0364583 0.0259259
0 0.860937 0.147222 0.0510417 0.0537037
0 0.7375 0.14537 0.0375 0.0425926
0 0.589063 0.191667 0.0510417 0.0537037
0 0.505729 0.102778 0.059375 0.0462963
0 0.89375 0.247222 0.108333 0.0722222
0 0.634375 0.19537 0.139583 0.087037
0 0.817708 0.149074 0.0541667 0.0648148
0 0.00833333 0.175 0.0166667 0.0388889
0 0.040625 0.172222 0.0166667 0.0222222
0 0.974479 0.148148 0.0489583 0.0888889
0 0.0255208 0.160185 0.0177083 0.0314815
0 0.747396 0.22037 0.0885417 0.0740741
0 0.0333333 0.202778 0.0270833 0.0351852
0 0.258854 0.224074 0.053125 0.062963
0 0.113542 0.330556 0.0583333 0.087037
0 0.364583 0.250926 0.0708333 0.0648148
0 0.373958 0.62963 0.16875 0.222222
