0 0.831771 0.103704 0.034375 0.0444444
0 0.225521 0.123148 0.0322917 0.0611111
0 0.928125 0.160185 0.133333 0.0685185
0 0.799479 0.0888889 0.040625 0.0592593
0 0.869271 0.130556 0.040625 0.0611111
0 0.0458333 0.182407 0.0458333 0.0685185
0 0.130208 0.186111 0.0416667 0.05
0 0.592708 0.0851852 0.0291667 0.0592593
0 0.563542 0.0296296 0.0208333 0.0333333
0 0.479167 0.0277778 0.01875 0.0407407
0 0.446354 0.0787037 0.0364583 0.0611111
0 0.889063 0.149074 0.053125 0.0759259
0 0.623958 0.148148 0.0395833 0.062963
0 0.0260417 0.269444 0.0520833 0.0907407
0 0.98125 0.227778 0.0375 0.107407
0 0.296875 0.203704 0.08125 0.1
0 0.583854 0.205556 0.053125 0.0814815
0 0.663021 0.233333 0.0572917 0.0888889
0 0.961458 0.168519 0.0770833 0.0666667
0 0.625 0.471296 0.0958333 0.153704
