0 0.932813 0.207407 0.015625 0.0222222
0 0.66875 0.263889 0.0333333 0.0351852
0 0.85625 0.257407 0.0291667 0.0407407
0 0.858333 0.193519 0.0333333 0.0277778
0 0.642708 0.275926 0.0333333 0.0407407
0 0.577604 0.30463 0.053125 0.0425926
0 0.611458 0.287963 0.0416667 0.0388889
0 0.414062 0.360185 0.071875 0.0648148
0 0.175 0.412963 0.0604167 0.062963
0 0.881771 0.224074 0.0197917 0.0333333
0 0.533333 0.319444 0.0520833 0.0462963
0 0.353646 0.390741 0.0802083 0.0814815
0 0.266667 0.427778 0.0958333 0.0777778
