0 0.907812 0.0111111 0.015625 0.0222222
0 0.880729 0.012963 0.015625 0.0222222
0 0.745313 0.0351852 0.0260417 0.0407407
0 0.928646 0.0277778 0.0177083 0.0296296
0 0.698958 0.114815 0.0395833 0.0592593
0 0.0208333 0.483333 0.0416667 0.0740741
0 0.0515625 0.55463 0.103125 0.212963
0 0.471354 0.190741 0.0552083 0.062963
0 0.892187 0.05 0.0197917 0.0333333
0 0.964583 0.0333333 0.0166667 0.0333333
0 0.757292 0.174074 0.05 0.0777778
0 0.464063 0.222222 0.0635417 0.062963
0 0.875 0.0861111 0.0229167 0.0351852
0 0.0739583 0.701852 0.145833 0.177778
0 0.908333 0.137037 0.03125 0.0518519
0 0.835938 0.14537 0.0385417 0.0574074
0 0.473958 0.315741 0.0854167 0.0907407
0 0.561458 0.192593 0.0541667 0.0592593
0 0.869271 0.307407 0.0572917 0.0962963
0 0.755729 0.334259 0.0697917 0.0981481
0 0.179167 0.377778 0.110417 0.103704
0 0.4125 0.294444 0.0875 0.103704
