0 0.551562 0.140741 0.0260417 0.0333333
0 0.44375 0.269444 0.01875 0.0314815
0 0.825 0.284259 0.0291667 0.0462963
0 0.986458 0.409259 0.0270833 0.062963
0 0.00729167 0.868519 0.0145833 0.0962963
0 0.278646 0.297222 0.015625 0.0240741
0 0.858854 0.313889 0.040625 0.0574074
0 0.0328125 0.444444 0.065625 0.1
0 0.675 0.194444 0.0270833 0.0259259
0 0.329688 0.271296 0.0239583 0.0388889
0 0.645312 0.230556 0.0197917 0.0240741
0 0.573438 0.183333 0.0239583 0.0333333
0 0.615104 0.189815 0.021875 0.0351852
0 0.888542 0.336111 0.0479167 0.0537037
0 0.672396 0.246296 0.0322917 0.037037
0 0.964583 0.386111 0.06875 0.0722222
0 0.920313 0.357407 0.0552083 0.062963
0 0.586458 0.264815 0.025 0.0407407
0 0.230729 0.343519 0.0572917 0.0611111
0 0.511458 0.319444 0.0395833 0.0611111
0 0.63125 0.282407 0.0354167 0.0537037
