0 0.572396 0.191667 0.0239583 0.0462963
0 0.694792 0.0685185 0.0145833 0.0259259
0 0.247396 0.321296 0.040625 0.0685185
0 0.389583 0.192593 0.0416667 0.0444444
0 0.636458 0.0824074 0.01875 0.0462963
0 0.967188 0.15463 0.0364583 0.0462963
0 0.628125 0.142593 0.0291667 0.0407407
0 0.978125 0.165741 0.04375 0.0537037
0 0.258854 0.30463 0.053125 0.0759259
0 0.16875 0.375 0.0354167 0.0907407
0 0.6 0.156481 0.0291667 0.0388889
0 0.573958 0.133333 0.0229167 0.037037
0 0.327604 0.238889 0.0552083 0.0592593
0 0.0614583 0.450926 0.102083 0.0796296
0 0.63125 0.182407 0.0354167 0.05
0 0.591667 0.202778 0.0354167 0.0537037
0 0.655208 0.266667 0.0458333 0.0777778
0 0.128646 0.416667 0.0864583 0.107407
0 0.489583 0.356481 0.0604167 0.0944444
0 0.582292 0.260185 0.0479167 0.0796296
0 0.463021 0.703704 0.134375 0.237037
0 0.56875 0.398148 0.0729167 0.118519
