0 0.959896 0.0907407 0.0177083 0.0259259
0 0.889063 0.122222 0.0260417 0.037037
0 0.770312 0.087963 0.0197917 0.0240741
0 0.8625 0.111111 0.0208333 0.0259259
0 0.931771 0.110185 0.0197917 0.0314815
0 0.216146 0.0416667 0.203125 0.0796296
0 0.569792 0.187037 0.0395833 0.0444444
0 0.636979 0.196296 0.040625 0.0481481
0 0.910417 0.2 0.0395833 0.0555556
0 0.78125 0.216667 0.0416667 0.0592593
0 0.613542 0.251852 0.0520833 0.0666667
0 0.813021 0.717593 0.113542 0.216667
0 0.657812 0.406481 0.084375 0.101852
0 0.690625 0.560185 0.1 0.15
