0 0.131771 0.203704 0.0197917 0.0296296
0 0.208333 0.221296 0.0541667 0.0388889
0 0.495833 0.24537 0.0416667 0.0351852
0 0.544792 0.250926 0.0520833 0.0462963
0 0.0776042 0.221296 0.0322917 0.0277778
0 0.794792 0.316667 0.110417 0.0666667
0 0.453646 0.235185 0.0510417 0.0407407
0 0.599479 0.260185 0.0635417 0.0537037
0 0.191667 0.210185 0.0270833 0.0388889
0 0.0979167 0.944444 0.195833 0.107407
0 0.134896 0.246296 0.0260417 0.0444444
0 0.915104 0.34537 0.0927083 0.0648148
0 0.218229 0.22963 0.0385417 0.0333333
0 0.724479 0.3 0.0822917 0.0592593
0 0.316146 0.261111 0.0552083 0.0444444
0 0.933333 0.462963 0.133333 0.118519
0 0.604167 0.342593 0.0979167 0.0777778
0 0.288021 0.377778 0.084375 0.0888889
0 0.667188 0.562963 0.178125 0.174074
