0 0.869271 0.35463 0.0322917 0.0537037
0 0.973437 0.297222 0.053125 0.0462963
0 0.345833 0.282407 0.0541667 0.0462963
0 0.248437 0.346296 0.046875 0.0518519
0 0.713542 0.251852 0.0354167 0.0407407
0 0.334375 0.269444 0.0416667 0.05
0 0.517187 0.258333 0.0260417 0.0351852
0 0.282292 0.305556 0.0354167 0.0592593
0 0.459375 0.266667 0.0208333 0.037037
0 0.356771 0.297222 0.0364583 0.0425926
0 0.491146 0.25 0.0197917 0.0296296
0 0.46875 0.301852 0.03125 0.0444444
0 0.579167 0.225926 0.0208333 0.0259259
0 0.477083 0.481481 0.0583333 0.107407
0 0.1375 0.774074 0.16875 0.233333
