0 0.405208 0.161111 0.0479167 0.0518519
0 0.241667 0.17037 0.0520833 0.0518519
0 0.653125 0.314815 0.0458333 0.0592593
0 0.265625 0.152778 0.04375 0.05
0 0.446875 0.108333 0.0291667 0.0425926
0 0.946354 0.126852 0.0760417 0.0685185
0 0.989583 0.213889 0.0208333 0.0611111
0 0.0598958 0.323148 0.034375 0.0759259
0 0.197917 0.194444 0.0625 0.0592593
0 0.486979 0.113889 0.034375 0.0611111
0 0.153646 0.184259 0.0489583 0.0611111
0 0.594792 0.169444 0.0416667 0.087037
0 0.831771 0.144444 0.0760417 0.0518519
0 0.984375 0.938889 0.03125 0.111111
0 0.675521 0.190741 0.0489583 0.0703704
0 0.936979 0.172222 0.0614583 0.062963
0 0.120312 0.258333 0.0572917 0.0722222
0 0.515625 0.158333 0.0333333 0.0722222
0 0.969792 0.193519 0.0604167 0.0722222
0 0.0864583 0.289815 0.0708333 0.0833333
0 0.378646 0.231481 0.0510417 0.0777778
0 0.697917 0.258333 0.0645833 0.105556
0 0.501562 0.263889 0.0614583 0.124074
0 0.667708 0.352778 0.06875 0.105556
0 0.489062 0.387037 0.0760417 0.125926
0 0.399479 0.301852 0.065625 0.1
0 0.275 0.561111 0.11875 0.188889
0 0.807813 0.475 0.107292 0.15
0 0.229167 0.866667 0.183333 0.266667
