0 0.154687 0.185185 0.0572917 0.062963
0 0.946354 0.127778 0.0739583 0.062963
0 0.517708 0.116667 0.03125 0.0740741
0 0.784896 0.336111 0.084375 0.198148
0 0.636458 0.125 0.03125 0.05
0 0.523958 0.0537037 0.0208333 0.0333333
0 0.969792 0.196296 0.0604167 0.0740741
0 0.259896 0.160185 0.0322917 0.05
0 0.104687 0.274074 0.0760417 0.0777778
0 0.489583 0.0675926 0.0229167 0.0351852
0 0.0333333 0.964815 0.0666667 0.062963
0 0.936979 0.175 0.0635417 0.0648148
0 0.178125 0.255556 0.075 0.118519
0 0.460417 0.141667 0.0333333 0.05
0 0.403646 0.173148 0.0447917 0.0611111
0 0.719792 0.162963 0.0416667 0.062963
0 0.593229 0.153704 0.034375 0.0592593
0 0.659375 0.164815 0.0416667 0.062963
0 0.120833 0.260185 0.0541667 0.0759259
0 0.0864583 0.290741 0.0770833 0.0814815
0 0.405729 0.267593 0.0614583 0.124074
0 0.677083 0.226852 0.0541667 0.0907407
0 0.326042 0.232407 0.0520833 0.0722222
0 0.986979 0.612037 0.0260417 0.101852
0 0.514583 0.197222 0.0395833 0.0685185
0 0.61875 0.27963 0.0666667 0.111111
0 0.484375 0.362037 0.0708333 0.116667
0 0.782812 0.285185 0.0697917 0.1
0 0.941667 0.871296 0.116667 0.242593
0 0.650521 0.45 0.0927083 0.140741
0 0.258333 0.444444 0.102083 0.144444
0 0.794792 0.450926 0.102083 0.146296
