0 0.383854 0.119444 0.053125 0.0685185
0 0.238542 0.0416667 0.0291667 0.0388889
0 0.30625 0.0314815 0.03125 0.037037
0 0.01875 0.0268519 0.0208333 0.0277778
0 0.0135417 0.0953704 0.0270833 0.0537037
0 0.135417 0.0824074 0.0333333 0.0462963
0 0.513021 0.208333 0.0760417 0.0611111
0 0.652083 0.186111 0.0666667 0.0759259
0 0.11875 0.131481 0.0416667 0.0555556
0 0.949479 0.452778 0.101042 0.0907407
0 0.714583 0.174074 0.0791667 0.0703704
0 0.194271 0.217593 0.0572917 0.0796296
0 0.204167 0.384259 0.0895833 0.131481
0 0.956771 0.862037 0.0864583 0.201852
0 0.591667 0.20463 0.075 0.0796296
0 0.916667 0.290741 0.139583 0.114815
0 0.631771 0.675926 0.198958 0.244444
