0 0.463021 0.123148 0.021875 0.0277778
0 0.397917 0.203704 0.0354167 0.0481481
0 0.644792 0.115741 0.0208333 0.0314815
0 0.48125 0.161111 0.0270833 0.0407407
0 0.520312 0.180556 0.0322917 0.0537037
0 0.616146 0.15 0.0239583 0.037037
0 0.506771 0.249074 0.040625 0.0611111
0 0.444792 0.251852 0.0395833 0.0555556
0 0.369792 0.250926 0.0458333 0.0685185
0 0.861979 0.867593 0.180208 0.257407
0 0.290104 0.348148 0.0572917 0.0962963
0 0.213021 0.643519 0.163542 0.338889
0 0.370833 0.35463 0.0625 0.087037
0 0.671875 0.371296 0.0645833 0.131481
0 0.327604 0.455556 0.0739583 0.148148
0 0.465625 0.390741 0.0625 0.1
0 0.85 0.517593 0.0958333 0.135185
0 0.35 0.759259 0.129167 0.222222
0 0.911458 0.431481 0.0895833 0.103704
