0 0.0375 0.0462963 0.0208333 0.037037
0 0.114063 0.0694444 0.0302083 0.0574074
0 0.0541667 0.0657407 0.025 0.0388889
0 0.00885417 0.062963 0.0177083 0.0333333
0 0.116146 0.139815 0.0364583 0.05
0 0.4375 0.148148 0.0541667 0.0592593
0 0.204688 0.157407 0.046875 0.0555556
0 0.734375 0.216667 0.1 0.103704
0 0.591146 0.222222 0.0802083 0.0777778
0 0.932292 0.441667 0.135417 0.101852
0 0.117708 0.244444 0.05625 0.0777778
0 0.315625 0.247222 0.0645833 0.0833333
0 0.698958 0.301852 0.133333 0.103704
0 0.293229 0.418519 0.126042 0.166667
0 0.878646 0.241667 0.105208 0.087037
0 0.835417 0.696296 0.235417 0.307407
0 0.64375 0.831481 0.25 0.325926
