0 0.763542 0.0712963 0.0541667 0.0685185
0 0.858854 0.141667 0.053125 0.0648148
0 0.774479 0.0481481 0.040625 0.037037
0 0.393229 0.0944444 0.0572917 0.0407407
0 0.0197917 0.242593 0.0395833 0.0518519
0 0.0328125 0.215741 0.0614583 0.0537037
0 0.206771 0.165741 0.059375 0.0574074
0 0.989062 0.10463 0.021875 0.0574074
0 0.925 0.171296 0.0833333 0.112963
0 0.0171875 0.569444 0.034375 0.0759259
0 0.561458 0.213889 0.05625 0.0648148
0 0.446875 0.764815 0.239583 0.240741
0 0.565625 0.492593 0.147917 0.144444
0 0.716667 0.69537 0.183333 0.216667
