0 0.198437 0.225 0.0364583 0.0425926
0 0.841667 0.175 0.09375 0.0611111
0 0.532292 0.196296 0.0479167 0.0555556
0 0.0453125 0.181481 0.021875 0.0407407
0 0.0197917 0.205556 0.0291667 0.037037
0 0.06875 0.261111 0.04375 0.062963
0 0.809375 0.175926 0.05625 0.062963
0 0.504167 0.121296 0.06875 0.0425926
0 0.884896 0.282407 0.115625 0.0796296
0 0.329167 0.251852 0.0583333 0.0703704
0 0.969271 0.184259 0.0614583 0.0796296
0 0.581771 0.210185 0.0510417 0.0537037
0 0.285417 0.276852 0.0645833 0.0685185
0 0.739583 0.24537 0.0854167 0.0722222
0 0.151042 0.375 0.0708333 0.101852
0 0.334375 0.659259 0.1625 0.237037
0 0.336458 0.453704 0.122917 0.151852
0 0.438542 0.32037 0.1 0.0925926
