0 0.886979 0.333333 0.0447917 0.0518519
0 0.326042 0.272222 0.0291667 0.0407407
0 0.984896 0.40463 0.0302083 0.0759259
0 0.639583 0.236111 0.0333333 0.0351852
0 0.964063 0.384259 0.0677083 0.0685185
0 0.665104 0.246296 0.0260417 0.0407407
0 0.91875 0.357407 0.0604167 0.0592593
0 0.602083 0.226852 0.0229167 0.0314815
0 0.511458 0.273148 0.0291667 0.05
0 0.227083 0.343519 0.0583333 0.0648148
0 0.643229 0.52963 0.0677083 0.12963
0 0.305208 0.466667 0.0729167 0.1
0 0.432813 0.835185 0.126042 0.262963
