0 0.467708 0.130556 0.01875 0.0314815
0 0.430729 0.181481 0.0260417 0.0518519
0 0.805729 0.213889 0.046875 0.0648148
0 0.455208 0.159259 0.0208333 0.0333333
0 0.646875 0.17963 0.0291667 0.0444444
0 0.476042 0.187037 0.0291667 0.0444444
0 0.733854 0.198148 0.034375 0.0592593
0 0.811979 0.281481 0.0510417 0.0592593
0 0.646354 0.244444 0.0385417 0.0592593
0 0.618229 0.152778 0.028125 0.0388889
0 0.509375 0.209259 0.0354167 0.062963
0 0.685938 0.203704 0.034375 0.0518519
0 0.660417 0.286111 0.0458333 0.0685185
0 0.725521 0.271296 0.0489583 0.0685185
0 0.855208 0.358333 0.06875 0.0907407
0 0.216667 0.347222 0.0666667 0.0944444
0 0.484375 0.344444 0.0520833 0.0814815
0 0.348437 0.346296 0.0552083 0.0777778
0 0.679167 0.419444 0.0666667 0.101852
0 0.213542 0.457407 0.0875 0.137037
