0 0.015625 0.59537 0.03125 0.0833333
0 0.827604 0.285185 0.0302083 0.0444444
0 0.865625 0.312037 0.0416667 0.0648148
0 0.526563 0.19537 0.0197917 0.0277778
0 0.332292 0.273148 0.025 0.0388889
0 0.567708 0.165741 0.01875 0.0351852
0 0.00989583 0.883333 0.0197917 0.133333
0 0.893229 0.337037 0.046875 0.0518519
0 0.653125 0.226852 0.0208333 0.0314815
0 0.508333 0.2 0.0145833 0.0222222
0 0.968229 0.387037 0.0635417 0.0740741
0 0.233854 0.343519 0.0572917 0.0648148
0 0.925521 0.359259 0.0572917 0.062963
