0 0.690625 0.141667 0.0291667 0.0462963
0 0.632292 0.133333 0.03125 0.0407407
0 0.0104167 0.0351852 0.0208333 0.0259259
0 0.0885417 0.0203704 0.0645833 0.037037
0 0.391146 0.137037 0.028125 0.0518519
0 0.484375 0.128704 0.0229167 0.0277778
0 0.728125 0.211111 0.0416667 0.0555556
0 0.6125 0.181481 0.03125 0.0444444
0 0.783854 0.265741 0.053125 0.0722222
0 0.702604 0.256481 0.0447917 0.0574074
0 0.619792 0.239815 0.0395833 0.0574074
0 0.834896 0.34537 0.0760417 0.0833333
0 0.401563 0.284259 0.0447917 0.0648148
0 0.340625 0.265741 0.0479167 0.0648148
0 0.659896 0.380556 0.0614583 0.101852
0 0.764583 0.418519 0.0708333 0.1
0 0.726042 0.696296 0.122917 0.2
0 0.960938 0.374074 0.078125 0.0851852
0 0.190625 0.692593 0.133333 0.196296
