0 0.653646 0.257407 0.059375 0.0407407
0 0.953646 0.209259 0.0177083 0.0222222
0 0.667188 0.251852 0.034375 0.0407407
0 0.639583 0.262963 0.0375 0.037037
0 0.958854 0.239815 0.0260417 0.0314815
0 0.98125 0.263889 0.03125 0.0425926
0 0.917188 0.237963 0.028125 0.0351852
0 0.607292 0.275 0.0416667 0.0425926
0 0.16875 0.398148 0.0604167 0.0666667
0 0.886458 0.224074 0.025 0.0259259
0 0.568229 0.290741 0.046875 0.0444444
0 0.407292 0.344444 0.0729167 0.0740741
0 0.525521 0.305556 0.046875 0.0444444
0 0.895833 0.293519 0.0395833 0.0462963
0 0.259896 0.413889 0.0947917 0.0796296
0 0.06875 0.525 0.1375 0.12037
