0 0.928646 0.0203704 0.0177083 0.0333333
0 0.955729 0.0814815 0.0260417 0.0407407
0 0.626042 0.144444 0.0395833 0.0518519
0 0.843229 0.0657407 0.021875 0.0314815
0 0.913021 0.0972222 0.028125 0.0462963
0 0.892708 0.0555556 0.0208333 0.037037
0 0.851562 0.109259 0.028125 0.0444444
0 0.547396 0.252778 0.0677083 0.0759259
0 0.443229 0.198148 0.0572917 0.0592593
0 0.958854 0.214815 0.046875 0.0703704
0 0.492188 0.237037 0.065625 0.0814815
0 0.752083 0.701852 0.154167 0.307407
0 0.321354 0.300926 0.0927083 0.0944444
0 0.690104 0.276852 0.0635417 0.0796296
0 0.259896 0.415741 0.130208 0.153704
0 0.196354 0.348148 0.101042 0.1
0 0.675521 0.477778 0.101042 0.140741
0 0.490625 0.551852 0.1375 0.166667
