0 0.977083 0.171296 0.01875 0.0277778
0 0.853125 0.172222 0.0458333 0.0333333
0 0.665104 0.243519 0.040625 0.0388889
0 0.6375 0.25463 0.0375 0.0425926
0 0.815625 0.224074 0.025 0.0296296
0 0.602604 0.266667 0.040625 0.0407407
0 0.566667 0.282407 0.0479167 0.0462963
0 0.405208 0.339815 0.0729167 0.0759259
0 0.972396 0.256481 0.028125 0.0425926
0 0.95 0.226852 0.025 0.0388889
0 0.165625 0.390741 0.0604167 0.062963
0 0.522917 0.300926 0.0520833 0.05
0 0.855208 0.367593 0.05625 0.0759259
0 0.0708333 0.574074 0.141667 0.133333
0 0.256771 0.408333 0.0947917 0.0796296
0 0.653125 0.621296 0.127083 0.15
