0 0.879687 0.0731481 0.0260417 0.0388889
0 0.975 0.0342593 0.0229167 0.0388889
0 0.897396 0.0574074 0.021875 0.0333333
0 0.914062 0.0166667 0.0177083 0.0296296
0 0.648438 0.169444 0.053125 0.0648148
0 0.855729 0.0527778 0.021875 0.0314815
0 0.682813 0.109259 0.0364583 0.0444444
0 0.526563 0.157407 0.0510417 0.0481481
0 0.181771 0.947222 0.213542 0.105556
0 0.855208 0.163889 0.0479167 0.0648148
0 0.463542 0.337037 0.0916667 0.1
0 0.566667 0.187037 0.0541667 0.0592593
0 0.473437 0.218519 0.065625 0.062963
0 0.0541667 0.707407 0.108333 0.196296
0 0.90625 0.255556 0.05625 0.0925926
0 0.832292 0.50463 0.0854167 0.153704
0 0.415625 0.312037 0.0854167 0.0944444
0 0.484375 0.856481 0.233333 0.27963
