0 0.507292 0.0953704 0.0166667 0.0240741
0 0.543229 0.0777778 0.0177083 0.0296296
0 0.647917 0.062963 0.0166667 0.0296296
0 0.763021 0.143519 0.028125 0.0425926
0 0.690104 0.0722222 0.0177083 0.0296296
0 0.530729 0.12963 0.0260417 0.0555556
0 0.471354 0.103704 0.0177083 0.0296296
0 0.697917 0.130556 0.0270833 0.0351852
0 0.655208 0.118519 0.0208333 0.0407407
0 0.803125 0.182407 0.0395833 0.0537037
0 0.441667 0.15 0.0270833 0.0407407
0 0.673437 0.152778 0.028125 0.0388889
0 0.629167 0.147222 0.025 0.05
0 0.484375 0.143519 0.0270833 0.0388889
0 0.739583 0.17037 0.0333333 0.0481481
0 0.0104167 0.580556 0.0208333 0.135185
0 0.779688 0.247222 0.0489583 0.0648148
0 0.972396 0.542593 0.0552083 0.137037
0 0.929167 0.317593 0.075 0.0833333
0 0.477604 0.32037 0.0510417 0.0814815
0 0.690104 0.42037 0.0760417 0.118519
0 0.155729 0.52037 0.0947917 0.137037
0 0.290625 0.347222 0.0625 0.087037
