0 0.607813 0.0527778 0.0197917 0.0388889
0 0.0380208 0.312963 0.0760417 0.107407
0 0.991667 0.0861111 0.0166667 0.0388889
0 0.694271 0.062963 0.028125 0.037037
0 0.578125 0.0722222 0.0270833 0.0407407
0 0.594271 0.0240741 0.0197917 0.0407407
0 0.670833 0.0805556 0.03125 0.0425926
0 0.559375 0.0592593 0.0229167 0.0407407
0 0.958854 0.087037 0.0427083 0.0481481
0 0.306771 0.187037 0.0447917 0.0703704
0 0.278125 0.212963 0.05625 0.0666667
0 0.51875 0.0888889 0.0354167 0.0518519
0 0.977604 0.132407 0.0447917 0.0537037
0 0.579167 0.117593 0.03125 0.0537037
0 0.852083 0.156481 0.05625 0.0648148
0 0.207813 0.3 0.065625 0.1
0 0.244271 0.256481 0.0635417 0.087037
0 0.778646 0.151852 0.046875 0.062963
0 0.0416667 0.512963 0.0833333 0.2
0 0.613542 0.248148 0.0645833 0.114815
0 0.908854 0.280556 0.084375 0.0944444
0 0.157813 0.350926 0.096875 0.131481
0 0.722917 0.337963 0.0729167 0.124074
0 0.611458 0.475 0.104167 0.22037
