0 0.660937 0.248148 0.040625 0.0444444
0 0.601042 0.271296 0.04375 0.0425926
0 0.899479 0.181481 0.015625 0.0222222
0 0.563542 0.286111 0.05 0.0425926
0 0.891667 0.25463 0.0333333 0.0425926
0 0.521354 0.300926 0.0489583 0.0462963
0 0.163542 0.393519 0.0604167 0.0611111
0 0.402083 0.342593 0.0729167 0.0703704
0 0.882292 0.323148 0.05 0.0685185
0 0.255208 0.410185 0.0958333 0.0796296
0 0.040625 0.715741 0.08125 0.161111
0 0.0666667 0.575 0.133333 0.131481
0 0.509896 0.425 0.090625 0.0907407
0 0.730208 0.772222 0.152083 0.233333
0 0.569271 0.678704 0.178125 0.216667
