0 0.0177083 0.075 0.0208333 0.0277778
0 0.482812 0.0490741 0.040625 0.0425926
0 0.320312 0.0907407 0.0385417 0.0444444
0 0.686458 0.0916667 0.0375 0.0462963
0 0.294792 0.0787037 0.0541667 0.0425926
0 0.764063 0.0935185 0.0489583 0.0537037
0 0.0755208 0.125 0.0302083 0.0351852
0 0.461458 0.0425926 0.06875 0.0444444
0 0.805729 0.0907407 0.0677083 0.0555556
0 0.919271 0.0962963 0.053125 0.0777778
0 0.101042 0.111111 0.0291667 0.037037
0 0.138021 0.130556 0.0385417 0.0462963
0 0.698438 0.162963 0.090625 0.0740741
0 0.244792 0.175 0.0604167 0.0722222
0 0.523438 0.837963 0.334375 0.316667
0 0.0869792 0.332407 0.0802083 0.116667
