0 0.329688 0.27037 0.021875 0.037037
0 0.938542 0.366667 0.0979167 0.0703704
0 0.602083 0.175926 0.0166667 0.0222222
0 0.985417 0.403704 0.0291667 0.0592593
0 0.820833 0.284259 0.0291667 0.0388889
0 0.659896 0.253704 0.0322917 0.0518519
0 0.516667 0.19537 0.0166667 0.0240741
0 0.640625 0.235185 0.025 0.0333333
0 0.856771 0.313889 0.0364583 0.0537037
0 0.88125 0.332407 0.0354167 0.0537037
0 0.960417 0.384259 0.0645833 0.0685185
0 0.591146 0.219444 0.021875 0.0277778
0 0.520312 0.257407 0.0260417 0.037037
0 0.459896 0.249074 0.0239583 0.0351852
0 0.918229 0.35463 0.059375 0.0648148
0 0.476562 0.29537 0.0302083 0.0537037
0 0.660417 0.330556 0.04375 0.0685185
0 0.230208 0.341667 0.0520833 0.0611111
