0 0.739583 0.0481481 0.01875 0.0259259
0 0.984896 0.107407 0.0302083 0.0481481
0 0.328646 0.202778 0.053125 0.0574074
0 0.385417 0.162037 0.0333333 0.0462963
0 0.358854 0.181481 0.046875 0.0481481
0 0.230729 0.297222 0.0739583 0.0833333
0 0.715625 0.0416667 0.0208333 0.0277778
0 0.971354 0.087037 0.0322917 0.0407407
0 0.642187 0.0462963 0.0197917 0.0407407
0 0.261979 0.268519 0.0510417 0.0703704
0 0.589583 0.139815 0.0333333 0.0611111
0 0.174479 0.346296 0.0364583 0.0962963
0 0.644792 0.152778 0.0333333 0.0648148
0 0.0307292 0.487963 0.0614583 0.101852
0 0.656771 0.19537 0.040625 0.0648148
0 0.078125 0.433333 0.0791667 0.0888889
0 0.576042 0.177778 0.0395833 0.0666667
0 0.133854 0.390741 0.0864583 0.107407
0 0.538542 0.380556 0.0770833 0.124074
0 0.54375 0.238889 0.0541667 0.0814815
0 0.603646 0.277778 0.0614583 0.0888889
0 0.305208 0.891667 0.195833 0.212963
