0 0.040625 0.318519 0.08125 0.0962963
0 0.318229 0.172222 0.046875 0.0592593
0 0.648958 0.0472222 0.025 0.0351852
0 0.560417 0.0212963 0.01875 0.0351852
0 0.888542 0.0768519 0.0541667 0.05
0 0.689062 0.0527778 0.0239583 0.0425926
0 0.30625 0.193519 0.0520833 0.0722222
0 0.593229 0.0435185 0.021875 0.0314815
0 0.45 0.141667 0.0770833 0.0685185
0 0.274479 0.227778 0.0572917 0.0740741
0 0.580208 0.130556 0.0354167 0.0574074
0 0.989583 0.0722222 0.0208333 0.0407407
0 0.205208 0.312963 0.06875 0.0925926
0 0.816667 0.136111 0.0479167 0.0611111
0 0.639583 0.135185 0.0458333 0.0740741
0 0.954687 0.0740741 0.0427083 0.0444444
0 0.976042 0.119444 0.0479167 0.0537037
0 0.241146 0.267593 0.065625 0.087037
0 0.0411458 0.515741 0.0822917 0.138889
0 0.590625 0.182407 0.04375 0.0722222
0 0.669792 0.213889 0.0541667 0.087037
0 0.156771 0.362963 0.0947917 0.125926
