0 0.302083 0.183333 0.05625 0.062963
0 0.238542 0.243519 0.05 0.0574074
0 0.967708 0.0657407 0.0354167 0.0277778
0 0.941667 0.0648148 0.0375 0.0333333
0 0.331771 0.163889 0.0385417 0.0574074
0 0.70625 0.0833333 0.0354167 0.0518519
0 0.219271 0.291667 0.071875 0.0944444
0 0.942708 0.115741 0.0791667 0.0685185
0 0.0786458 0.456481 0.0885417 0.135185
0 0.0369792 0.526852 0.0739583 0.17963
0 0.177083 0.337963 0.0791667 0.109259
0 0.127604 0.391667 0.090625 0.127778
0 0.632292 0.343519 0.0770833 0.127778
