0 0.403125 0.131481 0.0791667 0.0518519
0 0.75 0.0740741 0.0375 0.0555556
0 0.034375 0.324074 0.06875 0.12963
0 0.990104 0.121296 0.0197917 0.0388889
0 0.617708 0.0842593 0.0354167 0.0462963
0 0.985937 0.0518519 0.028125 0.0444444
0 0.947917 0.0555556 0.04375 0.0444444
0 0.513021 0.197222 0.0510417 0.0611111
0 0.297917 0.181481 0.0479167 0.0703704
0 0.971354 0.1 0.053125 0.0518519
0 0.269271 0.215741 0.0572917 0.0796296
0 0.592188 0.236111 0.0552083 0.0981481
0 0.573958 0.286111 0.0916667 0.153704
0 0.234375 0.255556 0.0645833 0.0888889
0 0.198958 0.3 0.0666667 0.0962963
0 0.807292 0.231481 0.0791667 0.103704
0 0.617708 0.142593 0.05 0.0814815
0 0.0395833 0.526852 0.0791667 0.183333
0 0.15 0.351852 0.0958333 0.125926
0 0.75 0.394444 0.110417 0.188889
0 0.642187 0.524074 0.105208 0.203704
