0 0.00989583 0.103704 0.0197917 0.0296296
0 0.8875 0.127778 0.0208333 0.0407407
0 0.0776042 0.0972222 0.0885417 0.0425926
0 0.934375 0.125926 0.0208333 0.0296296
0 0.815104 0.181481 0.028125 0.0518519
0 0.971354 0.0944444 0.015625 0.0259259
0 0.916667 0.172222 0.0291667 0.0518519
0 0.753646 0.408333 0.0802083 0.105556
0 0.639063 0.183333 0.0364583 0.0407407
0 0.863542 0.189815 0.03125 0.0462963
0 0.642708 0.656482 0.1375 0.201852
0 0.551042 0.55463 0.116667 0.138889
0 0.323958 0.425 0.127083 0.135185
0 0.261979 0.375 0.103125 0.0907407
