0 0.407292 0.142593 0.0229167 0.0333333
0 0.622396 0.139815 0.021875 0.0351852
0 0.666146 0.130556 0.0260417 0.0351852
0 0.478125 0.164815 0.0333333 0.0555556
0 0.632812 0.172222 0.0302083 0.0444444
0 0.688542 0.162037 0.0291667 0.0425926
0 0.525521 0.162963 0.0322917 0.0555556
0 0.723437 0.486111 0.0885417 0.164815
0 0.650521 0.213889 0.034375 0.0537037
0 0.727604 0.240741 0.0447917 0.0740741
0 0.876042 0.240741 0.0479167 0.0592593
0 0.379687 0.237037 0.0427083 0.0592593
0 0.444792 0.252778 0.0479167 0.0722222
0 0.792708 0.228704 0.0479167 0.0574074
0 0.770312 0.302778 0.0552083 0.0796296
0 0.484896 0.317593 0.053125 0.0833333
0 0.661458 0.298148 0.05625 0.1
0 0.889063 0.356481 0.071875 0.087037
0 0.380208 0.363889 0.0645833 0.0944444
0 0.901563 0.562037 0.113542 0.138889
0 0.178646 0.775 0.151042 0.227778
0 0.0572917 0.713889 0.114583 0.194444
