0 0.642708 0.238889 0.0270833 0.0444444
0 0.0432292 0.610185 0.0364583 0.0611111
0 0.0817708 0.634259 0.0864583 0.112963
0 0.880208 0.335185 0.0375 0.0518519
0 0.4875 0.209259 0.0166667 0.0222222
0 0.592188 0.199074 0.015625 0.0277778
0 0.325521 0.275 0.0239583 0.0388889
0 0.530729 0.206481 0.015625 0.0240741
0 0.656771 0.264815 0.0302083 0.0481481
0 0.984375 0.410185 0.03125 0.0685185
0 0.502604 0.226852 0.0177083 0.0277778
0 0.916146 0.356481 0.0572917 0.0611111
0 0.958854 0.383333 0.065625 0.0666667
0 0.677083 0.3 0.0395833 0.0518519
0 0.459375 0.334259 0.0416667 0.0648148
0 0.228125 0.343519 0.05 0.0648148
0 0.6 0.287037 0.03125 0.0518519
0 0.0739583 0.92963 0.145833 0.12963
0 0.798958 0.605556 0.110417 0.151852
