0 0.661458 0.262037 0.06875 0.0425926
0 0.985937 0.22963 0.028125 0.0740741
0 0.677083 0.251852 0.0416667 0.0444444
0 0.938542 0.185185 0.0145833 0.0185185
0 0.645312 0.268519 0.0364583 0.0407407
0 0.852083 0.25463 0.0333333 0.0314815
0 0.613542 0.27963 0.0416667 0.0407407
0 0.415625 0.351852 0.0708333 0.0703704
0 0.576042 0.29537 0.0458333 0.0462963
0 0.532812 0.308333 0.0489583 0.0462963
0 0.353646 0.380556 0.0802083 0.0796296
0 0.175521 0.4 0.059375 0.062963
0 0.552604 0.458333 0.0989583 0.101852
0 0.735417 0.3 0.0458333 0.0592593
0 0.267188 0.416667 0.0947917 0.0777778
