0 0.983854 0.228704 0.0322917 0.0462963
0 0.930208 0.188889 0.133333 0.0703704
0 0.857813 0.140741 0.034375 0.037037
0 0.548958 0.0361111 0.0208333 0.0351852
0 0.132812 0.212037 0.046875 0.0574074
0 0.974479 0.266667 0.0510417 0.0888889
0 0.48125 0.0342593 0.01875 0.0240741
0 0.466667 0.105556 0.0270833 0.0444444
0 0.45 0.0583333 0.01875 0.0314815
0 0.826563 0.134259 0.0239583 0.0425926
0 0.798437 0.118519 0.0385417 0.0518519
0 0.8625 0.15463 0.03125 0.0574074
0 0.441146 0.171296 0.040625 0.0648148
0 0.414062 0.155556 0.0322917 0.0555556
0 0.446875 0.133333 0.0375 0.0555556
0 0.210417 0.975 0.15625 0.0425926
0 0.0484375 0.212037 0.0385417 0.0648148
0 0.485938 0.187037 0.0427083 0.0703704
0 0.889583 0.182407 0.05 0.0759259
0 0.192708 0.277778 0.0541667 0.0851852
0 0.961458 0.199074 0.0770833 0.0648148
0 0.468229 0.235185 0.0489583 0.0740741
0 0.384375 0.75 0.160417 0.348148
