0 0.638021 0.0305556 0.028125 0.0425926
0 0.823958 0.111111 0.0291667 0.0444444
0 0.864062 0.134259 0.0322917 0.0537037
0 0.797396 0.0925926 0.034375 0.0481481
0 0.471875 0.0351852 0.025 0.0444444
0 0.567187 0.149074 0.0385417 0.0574074
0 0.928646 0.946296 0.142708 0.1
0 0.888021 0.156481 0.053125 0.0796296
0 0.0192708 0.281481 0.0385417 0.0925926
0 0.0473958 0.188889 0.040625 0.0666667
0 0.98125 0.232407 0.0375 0.105556
0 0.411458 0.137037 0.04375 0.0703704
0 0.960938 0.174074 0.078125 0.062963
0 0.286979 0.452778 0.101042 0.146296
0 0.663021 0.273148 0.065625 0.0907407
0 0.628125 0.176852 0.04375 0.0722222
0 0.759375 0.488889 0.108333 0.151852
0 0.407292 0.62963 0.125 0.222222
