0 0.436458 0.0898148 0.0291667 0.0537037
0 0.411458 0.356481 0.0666667 0.209259
0 0.54375 0.0527778 0.0208333 0.0388889
0 0.529688 0.087963 0.0239583 0.0537037
0 0.618229 0.0768519 0.0239583 0.0314815
0 0.690104 0.102778 0.028125 0.0388889
0 0.733333 0.0768519 0.0270833 0.0351852
0 0.683854 0.15463 0.034375 0.0759259
0 0.484375 0.0925926 0.0333333 0.0777778
0 0.684375 0.062963 0.0229167 0.0333333
0 0.354688 0.146296 0.0322917 0.0481481
0 0.421875 0.133333 0.03125 0.0444444
0 0.731771 0.14537 0.0364583 0.0574074
0 0.777083 0.107407 0.03125 0.0407407
0 0.632812 0.139815 0.0322917 0.0462963
0 0.683333 0.17963 0.0354167 0.0592593
0 0.513021 0.167593 0.034375 0.0611111
0 0.654167 0.214815 0.04375 0.0814815
0 0.795313 0.207407 0.0489583 0.0666667
0 0.404167 0.289815 0.0583333 0.087037
0 0.201042 0.324074 0.0708333 0.0888889
0 0.4875 0.27037 0.0520833 0.0814815
0 0.0489583 0.691667 0.0979167 0.205556
0 0.417708 0.453704 0.075 0.133333
0 0.793229 0.878704 0.151042 0.238889
0 0.205729 0.674074 0.132292 0.2
0 0.280208 0.862037 0.172917 0.272222
