0 0.957812 0.0768519 0.046875 0.0388889
0 0.36875 0.118519 0.0395833 0.0518519
0 0.317187 0.176852 0.059375 0.0611111
0 0.294271 0.181481 0.059375 0.0666667
0 0.236458 0.181481 0.0458333 0.0666667
0 0.344792 0.150926 0.0375 0.0537037
0 0.536458 0.0259259 0.0229167 0.037037
0 0.329688 0.164815 0.040625 0.0592593
0 0.528125 0.943519 0.160417 0.109259
0 0.236458 0.258333 0.05 0.0759259
0 0.215625 0.287963 0.06875 0.0833333
0 0.121354 0.394444 0.0927083 0.125926
0 0.603125 0.227778 0.05625 0.0888889
0 0.0729167 0.462037 0.0895833 0.124074
0 0.170833 0.341667 0.0770833 0.112963
0 0.0354167 0.52963 0.0708333 0.181481
0 0.615625 0.312963 0.0729167 0.118519
0 0.6125 0.475 0.108333 0.224074
0 0.836979 0.633333 0.144792 0.237037
