0 0.634896 0.0824074 0.034375 0.0388889
0 0.948438 0.118519 0.0364583 0.0407407
0 0.0151042 0.349074 0.0302083 0.0611111
0 0.143229 0.183333 0.0885417 0.0740741
0 0.977083 0.113889 0.0458333 0.05
0 0.905729 0.121296 0.0552083 0.0537037
0 0.559375 0.167593 0.0770833 0.087037
0 0.859896 0.127778 0.0489583 0.0481481
0 0.445833 0.0916667 0.0520833 0.0611111
0 0.89375 0.32963 0.170833 0.159259
0 0.178646 0.237037 0.138542 0.107407
0 0.842708 0.284259 0.122917 0.105556
0 0.0447917 0.261111 0.0875 0.0962963
0 0.101562 0.517593 0.201042 0.212963
