0 0.582812 0.062037 0.0302083 0.0685185
0 0.664583 0.0787037 0.0375 0.0574074
0 0.891667 0.122222 0.05 0.0703704
0 0.825521 0.140741 0.0552083 0.0814815
0 0.60625 0.0518519 0.03125 0.0481481
0 0.0166667 0.70463 0.0333333 0.135185
0 0.607292 0.117593 0.04375 0.0722222
0 0.626042 0.198148 0.0645833 0.0962963
0 0.234375 0.255556 0.06875 0.0962963
0 0.708333 0.182407 0.0645833 0.0833333
0 0.938021 0.191667 0.0760417 0.0907407
0 0.589063 0.274074 0.0677083 0.111111
0 0.19375 0.301852 0.08125 0.111111
0 0.0942708 0.409259 0.090625 0.122222
0 0.816667 0.417593 0.110417 0.231481
0 0.0442708 0.483333 0.0885417 0.17037
0 0.733854 0.24537 0.0677083 0.116667
0 0.143229 0.35463 0.090625 0.124074
0 0.655729 0.330556 0.084375 0.17963
0 0.673437 0.538889 0.119792 0.203704
0 0.745313 0.857407 0.198958 0.277778
