0 0.58125 0.0388889 0.01875 0.0296296
0 0.692187 0.0601852 0.0197917 0.0314815
0 0.558854 0.0416667 0.0177083 0.0314815
0 0.35625 0.162037 0.0458333 0.0537037
0 0.329688 0.189815 0.0364583 0.0611111
0 0.238542 0.203704 0.0416667 0.062963
0 0.731771 0.0546296 0.0260417 0.0388889
0 0.604688 0.0527778 0.0197917 0.0314815
0 0.299479 0.208333 0.0572917 0.0611111
0 0.719792 0.087963 0.0291667 0.0388889
0 0.238021 0.280556 0.0510417 0.0796296
0 0.753646 0.108333 0.0364583 0.0462963
0 0.331771 0.325926 0.028125 0.0925926
0 0.570312 0.0861111 0.0260417 0.0388889
0 0.780729 0.12963 0.0385417 0.0518519
0 0.0348958 0.547222 0.0697917 0.183333
0 0.0755208 0.47037 0.090625 0.12963
0 0.217187 0.313889 0.0697917 0.0944444
0 0.816146 0.164815 0.046875 0.0592593
0 0.176042 0.362037 0.0833333 0.112963
0 0.125 0.413889 0.0895833 0.124074
0 0.744271 0.166667 0.0489583 0.0666667
0 0.584896 0.172222 0.0364583 0.0592593
0 0.870833 0.246296 0.0666667 0.0851852
0 0.607292 0.344444 0.0708333 0.114815
