0 0.807292 0.0990741 0.0166667 0.0203704
0 0.923437 0.0712963 0.0197917 0.0277778
0 0.0807292 0.0990741 0.084375 0.0388889
0 0.775521 0.0962963 0.0239583 0.0259259
0 0.0104167 0.103704 0.0208333 0.0296296
0 0.597917 0.185185 0.0375 0.0407407
0 0.759896 0.149074 0.0260417 0.0314815
0 0.671354 0.158333 0.0302083 0.0388889
0 0.864062 0.126852 0.0197917 0.0277778
0 0.720833 0.140741 0.0270833 0.0333333
0 0.700521 0.171296 0.034375 0.0388889
0 0.569792 0.221296 0.0541667 0.0611111
0 0.871354 0.175926 0.0302083 0.0555556
0 0.808333 0.903704 0.14375 0.192593
0 0.613021 0.263889 0.0572917 0.0722222
0 0.210938 0.396296 0.101042 0.1
0 0.272917 0.415741 0.102083 0.101852
0 0.460417 0.339815 0.0770833 0.0833333
