0 0.850521 0.119444 0.0239583 0.0351852
0 0.965625 0.0611111 0.0166667 0.0259259
0 0.875521 0.147222 0.021875 0.0388889
0 0.900521 0.212037 0.0364583 0.0537037
0 0.775 0.218519 0.0395833 0.0555556
0 0.972917 0.218519 0.0354167 0.0592593
0 0.639583 0.188889 0.0375 0.0444444
0 0.484896 0.252778 0.053125 0.0796296
0 0.874479 0.312963 0.053125 0.0851852
0 0.81875 0.247222 0.0416667 0.0611111
0 0.966146 0.313889 0.053125 0.0796296
0 0.734896 0.412963 0.084375 0.125926
0 0.5 0.298148 0.06875 0.0777778
0 0.683854 0.357407 0.0739583 0.0888889
0 0.327083 0.366667 0.0875 0.0814815
