0 0.240104 0.187037 0.0447917 0.0666667
0 0.774479 0.117593 0.0447917 0.0648148
0 0.601042 0.0592593 0.025 0.0407407
0 0.564062 0.0824074 0.0239583 0.0425926
0 0.241667 0.263889 0.0520833 0.0833333
0 0.8375 0.165741 0.0520833 0.0648148
0 0.760417 0.167593 0.05 0.0759259
0 0.127604 0.399074 0.0927083 0.124074
0 0.621875 0.0953704 0.0270833 0.0462963
0 0.219792 0.298148 0.06875 0.0962963
0 0.596354 0.155556 0.040625 0.0666667
0 0.078125 0.460185 0.0875 0.135185
0 0.179688 0.338889 0.0822917 0.0962963
0 0.889063 0.217593 0.065625 0.0833333
0 0.0364583 0.531482 0.0729167 0.177778
0 0.875521 0.301852 0.0927083 0.137037
0 0.529688 0.183333 0.0572917 0.0740741
