0 0.208854 0.0796296 0.0302083 0.037037
0 0.270833 0.0722222 0.0479167 0.0444444
0 0.875521 0.167593 0.0427083 0.0425926
0 0.131771 0.137037 0.0364583 0.0555556
0 0.819271 0.157407 0.046875 0.0481481
0 0.0869792 0.159259 0.0677083 0.125926
0 0.273958 0.146296 0.0458333 0.0518519
0 0.569271 0.361111 0.128125 0.125926
0 0.365104 0.162963 0.0572917 0.062963
0 0.798958 0.227778 0.0729167 0.0703704
0 0.247396 0.211111 0.0614583 0.0740741
0 0.565625 0.275926 0.1125 0.0777778
0 0.541146 0.765741 0.228125 0.346296
