0 0.0114583 0.111111 0.0229167 0.0333333
0 0.884375 0.165741 0.025 0.0314815
0 0.616146 0.202778 0.0364583 0.0425926
0 0.969271 0.139815 0.0197917 0.0277778
0 0.0796875 0.103704 0.0885417 0.0407407
0 0.965625 0.215741 0.0333333 0.0462963
0 0.604167 0.278704 0.0625 0.0907407
0 0.797917 0.22963 0.0375 0.0481481
0 0.910417 0.237963 0.0333333 0.0537037
0 0.556771 0.275926 0.0614583 0.0740741
0 0.736458 0.956481 0.129167 0.0833333
0 0.301042 0.394444 0.0979167 0.103704
0 0.616146 0.693519 0.153125 0.216667
0 0.386979 0.39537 0.0885417 0.0944444
0 0.629687 0.455556 0.0927083 0.111111
0 0.0614583 0.492593 0.122917 0.137037
