0 0.607292 0.231481 0.0416667 0.0407407
0 0.335417 0.187963 0.03125 0.0425926
0 0.00885417 0.362037 0.0177083 0.0907407
0 0.298438 0.174074 0.0239583 0.0333333
0 0.0286458 0.360185 0.0489583 0.0907407
0 0.0375 0.213889 0.025 0.0425926
0 0.563021 0.219444 0.0489583 0.0388889
0 0.916146 0.322222 0.107292 0.0703704
0 0.0484375 0.273148 0.034375 0.0574074
0 0.654688 0.241667 0.0552083 0.05
0 0.829167 0.296296 0.0645833 0.0555556
0 0.182812 0.210185 0.0364583 0.0796296
0 0.704167 0.251852 0.05 0.0555556
0 0.905208 0.717593 0.189583 0.287037
0 0.456771 0.234259 0.059375 0.0611111
0 0.499479 0.357407 0.090625 0.0925926
