0 0.269792 0.0916667 0.0375 0.0351852
0 0.874479 0.121296 0.0677083 0.0611111
0 0.830208 0.123148 0.0645833 0.0648148
0 0.417188 0.119444 0.0447917 0.0388889
0 0.353646 0.101852 0.0427083 0.0481481
0 0.729167 0.155556 0.0729167 0.107407
0 0.521875 0.0685185 0.0708333 0.0407407
0 0.0411458 0.0675926 0.0239583 0.0240741
0 0.0645833 0.0842593 0.01875 0.0240741
0 0.896354 0.22037 0.090625 0.0592593
0 0.38125 0.114815 0.0395833 0.0407407
0 0.318229 0.103704 0.034375 0.037037
0 0.118229 0.100926 0.0302083 0.0462963
0 0.980729 0.125 0.0385417 0.0833333
0 0.0109375 0.119444 0.021875 0.0351852
0 0.757292 0.193519 0.0854167 0.0759259
0 0.186979 0.136111 0.0364583 0.0537037
0 0.535937 0.708333 0.234375 0.294444
