0 0.371354 0.0981481 0.0427083 0.0296296
0 0.291667 0.125926 0.0395833 0.037037
0 0.222396 0.158333 0.0364583 0.0351852
0 0.332292 0.12037 0.0395833 0.0333333
0 0.45 0.0685185 0.0416667 0.0333333
0 0.778646 0.0740741 0.046875 0.0444444
0 0.0385417 0.237963 0.06875 0.05
0 0.165104 0.183333 0.0447917 0.0407407
0 0.409375 0.0814815 0.0354167 0.0333333
0 0.243229 0.747222 0.223958 0.264815
0 0.0911458 0.202778 0.053125 0.05
0 0.475 0.29537 0.04375 0.0537037
0 0.969792 0.125926 0.0604167 0.0777778
0 0.457292 0.214815 0.0666667 0.0777778
0 0.873958 0.217593 0.0875 0.0944444
0 0.857292 0.449074 0.120833 0.138889
