0 0.944271 0.0851852 0.015625 0.0222222
0 0.0109375 0.110185 0.021875 0.0351852
0 0.66875 0.153704 0.0270833 0.0296296
0 0.873958 0.124074 0.01875 0.0259259
0 0.760417 0.123148 0.0208333 0.0277778
0 0.896875 0.127778 0.01875 0.0296296
0 0.708333 0.172222 0.0291667 0.037037
0 0.0703125 0.10463 0.107292 0.0462963
0 0.846875 0.159259 0.0229167 0.037037
0 0.968229 0.121296 0.0177083 0.0277778
0 0.54375 0.265741 0.0583333 0.105556
0 0.952604 0.287037 0.040625 0.0666667
0 0.860417 0.206481 0.03125 0.0462963
0 0.428125 0.314815 0.06875 0.0814815
0 0.0984375 0.591667 0.192708 0.201852
0 0.731771 0.316667 0.0572917 0.0703704
0 0.222396 0.45463 0.121875 0.109259
0 0.574479 0.800926 0.159375 0.238889
0 0.494271 0.639815 0.144792 0.172222
