0 0.457812 0.0685185 0.046875 0.0444444
0 0.415104 0.0851852 0.0322917 0.0296296
0 0.276042 0.138889 0.0520833 0.0444444
0 0.335938 0.117593 0.0385417 0.0425926
0 0.209896 0.164815 0.0635417 0.0518519
0 0.594792 0.350926 0.145833 0.138889
0 0.658333 0.103704 0.05 0.0444444
0 0.799479 0.0324074 0.040625 0.05
0 0.04375 0.226852 0.0875 0.0833333
0 0.166667 0.525 0.10625 0.087037
0 0.634375 0.161111 0.0520833 0.0592593
0 0.545313 0.239815 0.053125 0.0648148
0 0.966146 0.144444 0.0677083 0.0851852
0 0.221875 0.448148 0.0958333 0.0851852
0 0.784896 0.302778 0.105208 0.124074
0 0.3875 0.655556 0.2 0.181481
0 0.396354 0.903704 0.271875 0.192593
0 0.707812 0.518519 0.142708 0.162963
