0 0.259896 0.227778 0.0572917 0.0555556
0 0.333854 0.175 0.0385417 0.0648148
0 0.643229 0.0805556 0.0302083 0.0462963
0 0.282292 0.17037 0.0416667 0.0592593
0 0.244792 0.272222 0.0458333 0.0851852
0 0.604688 0.126852 0.0385417 0.0611111
0 0.657292 0.133333 0.0395833 0.062963
0 0.173958 0.317593 0.0375 0.0981481
0 0.794792 0.136111 0.0479167 0.0685185
0 0.484896 0.275 0.0739583 0.142593
0 0.0317708 0.462963 0.0635417 0.107407
0 0.552604 0.160185 0.0552083 0.0685185
0 0.365625 0.178704 0.06875 0.0648148
0 0.134375 0.363889 0.0854167 0.105556
0 0.76875 0.20463 0.0625 0.0944444
0 0.0770833 0.405556 0.0791667 0.0925926
0 0.64375 0.293519 0.0625 0.12037
0 0.428125 0.501852 0.104167 0.17037
0 0.675521 0.605556 0.134375 0.322222
0 0.883854 0.413889 0.107292 0.142593
