0 0.503125 0.0787037 0.01875 0.0351852
0 0.465104 0.106481 0.0260417 0.0425926
0 0.757812 0.114815 0.0302083 0.0407407
0 0.642708 0.0712963 0.0208333 0.0277778
0 0.542188 0.10463 0.0260417 0.0388889
0 0.498958 0.111111 0.0270833 0.037037
0 0.616146 0.0768519 0.0197917 0.0314815
0 0.324479 0.20463 0.0427083 0.0537037
0 0.632292 0.127778 0.025 0.0481481
0 0.769271 0.181481 0.0364583 0.0740741
0 0.455729 0.187037 0.0364583 0.0518519
0 0.515104 0.187037 0.034375 0.0740741
0 0.642187 0.183333 0.0385417 0.062963
0 0.692187 0.151852 0.0302083 0.0481481
0 0.391667 0.565741 0.102083 0.212963
0 0.358333 0.247222 0.05 0.0685185
0 0.727083 0.238889 0.0479167 0.0666667
0 0.480208 0.25463 0.0458333 0.0759259
0 0.280729 0.340741 0.065625 0.0888889
0 0.157292 0.725926 0.158333 0.248148
