0 0.731771 0.175 0.0302083 0.0425926
0 0.541146 0.133333 0.0197917 0.0333333
0 0.0390625 0.0555556 0.0739583 0.0444444
0 0.66875 0.164815 0.025 0.037037
0 0.629167 0.175 0.03125 0.05
0 0.44375 0.163889 0.0229167 0.0351852
0 0.690625 0.189815 0.0333333 0.0574074
0 0.523438 0.212037 0.0322917 0.0462963
0 0.409896 0.297222 0.0614583 0.135185
0 0.771354 0.223148 0.0385417 0.05
0 0.642708 0.238889 0.0354167 0.0555556
0 0.360938 0.280556 0.0427083 0.0648148
0 0.845312 0.244444 0.0447917 0.0555556
0 0.818229 0.922222 0.163542 0.148148
0 0.670313 0.327778 0.0510417 0.0851852
0 0.753125 0.425926 0.0645833 0.103704
0 0.794792 0.337963 0.0625 0.0796296
0 0.442708 0.452778 0.0729167 0.116667
