0 0.563021 0.230556 0.046875 0.0388889
0 0.244271 0.162963 0.0302083 0.0296296
0 0.654688 0.252778 0.0552083 0.05
0 0.177083 0.190741 0.0229167 0.0259259
0 0.224479 0.176852 0.0197917 0.0240741
0 0.028125 0.374074 0.05625 0.0888889
0 0.192188 0.217593 0.0260417 0.0388889
0 0.526563 0.357407 0.0864583 0.103704
0 0.925 0.330556 0.0958333 0.0685185
0 0.714583 0.264815 0.06875 0.0592593
0 0.30625 0.247222 0.0354167 0.0537037
0 0.0520833 0.292593 0.0354167 0.0592593
0 0.361458 0.222222 0.0395833 0.0407407
0 0.849479 0.308333 0.0822917 0.0574074
0 0.0395833 0.227778 0.025 0.037037
0 0.542708 0.277778 0.0645833 0.0518519
0 0.548437 0.455556 0.123958 0.125926
0 0.322396 0.29537 0.0572917 0.0648148
