0 0.210938 0.244444 0.053125 0.0925926
0 0.106771 0.828704 0.186458 0.331481
0 0.508854 0.299074 0.0822917 0.112963
0 0.617188 0.242593 0.101042 0.0925926
0 0.726042 0.27963 0.1125 0.103704
0 0.291146 0.32037 0.078125 0.103704
0 0.825 0.548148 0.179167 0.225926
0 0.765104 0.434259 0.157292 0.138889
0 0.620313 0.364815 0.128125 0.125926
0 0.958854 0.687037 0.0822917 0.159259
0 0.352083 0.376852 0.075 0.109259
0 0.945833 0.523148 0.108333 0.17963
0 0.911979 0.359259 0.146875 0.125926
0 0.2375 0.385185 0.075 0.1
0 0.641146 0.47037 0.167708 0.144444
0 0.427083 0.436111 0.114583 0.127778
0 0.583854 0.553704 0.161458 0.174074
0 0.816667 0.721296 0.28125 0.342593
