0 0.556771 0.0527778 0.0239583 0.0425926
0 0.608333 0.087963 0.03125 0.0462963
0 0.729688 0.0685185 0.0322917 0.0444444
0 0.565625 0.114815 0.03125 0.0518519
0 0.948438 0.0759259 0.0427083 0.0444444
0 0.297396 0.196296 0.0427083 0.0703704
0 0.990104 0.138889 0.0197917 0.037037
0 0.986458 0.0731481 0.0270833 0.0462963
0 0.481771 0.147222 0.0864583 0.0759259
0 0.972917 0.119444 0.0520833 0.0537037
0 0.573438 0.166667 0.0427083 0.0740741
0 0.199479 0.298148 0.065625 0.0740741
0 0.270312 0.226852 0.059375 0.0833333
0 0.150521 0.362963 0.0947917 0.12963
0 0.0380208 0.534259 0.0760417 0.190741
0 0.235938 0.265741 0.065625 0.087037
0 0.932813 0.864815 0.134375 0.266667
0 0.591146 0.230556 0.053125 0.087037
0 0.759375 0.40463 0.114583 0.201852
0 0.620833 0.416667 0.0875 0.155556
0 0.91875 0.400926 0.122917 0.153704
