0 0.444792 0.0703704 0.0375 0.037037
0 0.396354 0.0907407 0.0677083 0.0518519
0 0.786458 0.037963 0.0395833 0.0388889
0 0.207292 0.157407 0.075 0.0444444
0 0.285937 0.131481 0.0489583 0.0444444
0 0.706771 0.127778 0.053125 0.0555556
0 0.015625 0.22963 0.03125 0.0407407
0 0.184896 0.160185 0.0489583 0.0425926
0 0.034375 0.209259 0.0645833 0.0555556
0 0.591146 0.352778 0.138542 0.127778
0 0.607292 0.130556 0.05 0.05
0 0.445312 0.240741 0.0697917 0.0666667
0 0.938542 0.166667 0.0729167 0.0851852
0 0.418229 0.313889 0.0697917 0.0796296
0 0.352083 0.381481 0.08125 0.0777778
0 0.842708 0.305556 0.10625 0.111111
0 0.0578125 0.505556 0.113542 0.1
0 0.533333 0.522222 0.18125 0.159259
0 0.8375 0.542593 0.14375 0.174074
