0 0.594792 0.0546296 0.03125 0.05
0 0.0166667 0.699074 0.0333333 0.105556
0 0.720312 0.0722222 0.0364583 0.0555556
0 0.257812 0.14537 0.046875 0.0574074
0 0.344792 0.135185 0.0395833 0.0555556
0 0.781771 0.0805556 0.0447917 0.0574074
0 0.821875 0.101852 0.04375 0.062963
0 0.551042 0.0166667 0.0229167 0.0296296
0 0.909896 0.137037 0.053125 0.0666667
0 0.601042 0.103704 0.0375 0.0592593
0 0.255729 0.228704 0.0510417 0.0833333
0 0.671354 0.119444 0.040625 0.0648148
0 0.782292 0.139815 0.0520833 0.0648148
0 0.610417 0.828704 0.160417 0.335185
0 0.234375 0.264815 0.0729167 0.0962963
0 0.0932292 0.424074 0.090625 0.12963
0 0.929167 0.216667 0.0770833 0.0925926
0 0.708333 0.233333 0.0645833 0.1
0 0.0442708 0.492593 0.0885417 0.174074
0 0.613542 0.152778 0.0458333 0.0722222
0 0.395312 0.177778 0.0989583 0.0666667
0 0.192188 0.309259 0.0802083 0.111111
0 0.960938 0.29537 0.078125 0.105556
0 0.141146 0.358333 0.090625 0.116667
0 0.632812 0.325926 0.0760417 0.122222
0 0.672396 0.536111 0.130208 0.198148
