0 0.378646 0.185185 0.0239583 0.0296296
0 0.171875 0.178704 0.0166667 0.0277778
0 0.215104 0.199074 0.0239583 0.0314815
0 0.601042 0.237963 0.0354167 0.0351852
0 0.921875 0.323148 0.09375 0.0685185
0 0.297917 0.180556 0.0208333 0.0351852
0 0.0479167 0.284259 0.0375 0.0648148
0 0.714063 0.258333 0.0677083 0.0574074
0 0.655208 0.24537 0.0520833 0.05
0 0.0375 0.223148 0.025 0.0425926
0 0.5625 0.223148 0.0479167 0.0388889
0 0.0276042 0.366667 0.0552083 0.0925926
0 0.346875 0.214815 0.0395833 0.037037
0 0.840104 0.300926 0.0885417 0.0574074
0 0.194271 0.216667 0.028125 0.037037
0 0.33125 0.298148 0.0479167 0.062963
