0 0.0880208 0.637037 0.0947917 0.111111
0 0.536458 0.197222 0.0166667 0.0277778
0 0.828646 0.288889 0.0302083 0.0444444
0 0.995833 0.472222 0.00833333 0.062963
0 0.864062 0.32037 0.0385417 0.0555556
0 0.567187 0.167593 0.0197917 0.0351852
0 0.525521 0.223148 0.0177083 0.0240741
0 0.332812 0.275926 0.0260417 0.037037
0 0.0348958 0.447222 0.0677083 0.101852
0 0.00989583 0.886111 0.0197917 0.131481
0 0.893229 0.339815 0.0447917 0.0537037
0 0.604167 0.280556 0.05 0.0981481
0 0.650521 0.228704 0.0239583 0.0314815
0 0.926042 0.360185 0.0583333 0.0611111
0 0.966146 0.389815 0.0677083 0.0685185
0 0.504687 0.219444 0.015625 0.0277778
0 0.235417 0.348148 0.0541667 0.062963
