0 0.455729 0.140741 0.0239583 0.037037
0 0.0145833 0.0509259 0.0291667 0.0351852
0 0.65625 0.117593 0.0208333 0.0351852
0 0.425521 0.131481 0.021875 0.0296296
0 0.0489583 0.0407407 0.05 0.0407407
0 0.501042 0.109259 0.025 0.0518519
0 0.352083 0.212037 0.0354167 0.0462963
0 0.481771 0.158333 0.028125 0.0388889
0 0.684375 0.187037 0.0333333 0.0518519
0 0.626042 0.168519 0.03125 0.0481481
0 0.755729 0.210185 0.0364583 0.0537037
0 0.275521 0.286111 0.0489583 0.0611111
0 0.369271 0.263889 0.046875 0.0611111
0 0.982813 0.551852 0.034375 0.155556
0 0.799479 0.20463 0.0385417 0.05
0 0.647396 0.255556 0.0447917 0.0777778
0 0.0635417 0.946296 0.127083 0.1
0 0.254167 0.390741 0.075 0.107407
0 0.452604 0.37037 0.0572917 0.0925926
0 0.717708 0.603704 0.09375 0.144444
0 0.941667 0.808333 0.116667 0.209259
0 0.414062 0.558333 0.0822917 0.142593
