0 0.570312 0.0611111 0.021875 0.0333333
0 0.580208 0.112963 0.0354167 0.0592593
0 0.496875 0.0259259 0.0208333 0.0444444
0 0.266146 0.139815 0.0489583 0.0462963
0 0.9875 0.202778 0.025 0.0648148
0 0.633333 0.117593 0.0354167 0.0574074
0 0.695312 0.119444 0.0364583 0.0537037
0 0.852083 0.114815 0.0541667 0.0592593
0 0.517187 0.112037 0.0322917 0.0574074
0 0.188021 0.190741 0.040625 0.0518519
0 0.463542 0.119444 0.0333333 0.05
0 0.242708 0.2 0.0895833 0.0703704
0 0.935417 0.162037 0.0604167 0.0648148
0 0.592188 0.161111 0.0364583 0.0592593
0 0.148958 0.17963 0.05 0.0592593
0 0.663021 0.153704 0.0364583 0.0666667
0 0.967188 0.187037 0.0635417 0.0666667
0 0.497396 0.213889 0.0489583 0.0796296
0 0.678125 0.210185 0.0541667 0.0833333
0 0.947917 0.875926 0.102083 0.237037
0 0.11875 0.25463 0.05625 0.0722222
0 0.322917 0.262963 0.0520833 0.0814815
0 0.0802083 0.284259 0.0791667 0.087037
0 0.773958 0.242593 0.0645833 0.0851852
0 0.38125 0.299074 0.0645833 0.0981481
0 0.480729 0.339815 0.071875 0.138889
0 0.645312 0.309259 0.0697917 0.1
0 0.769271 0.413889 0.0885417 0.15
0 0.947917 0.461111 0.104167 0.151852
