0 0.655208 0.250926 0.0645833 0.0425926
0 0.671354 0.246296 0.0427083 0.0407407
0 0.857813 0.174074 0.0385417 0.0296296
0 0.641146 0.258333 0.0364583 0.0425926
0 0.607813 0.269444 0.040625 0.0425926
0 0.945312 0.166667 0.0135417 0.0185185
0 0.569792 0.285185 0.0458333 0.0481481
0 0.528646 0.298148 0.053125 0.0444444
0 0.977604 0.210185 0.0197917 0.0277778
0 0.408854 0.338889 0.0739583 0.0666667
0 0.861979 0.277778 0.0427083 0.0518519
0 0.946354 0.239815 0.0260417 0.0351852
0 0.170312 0.390741 0.059375 0.0592593
0 0.963542 0.287037 0.0375 0.0481481
0 0.909375 0.292593 0.0395833 0.0592593
0 0.261458 0.409259 0.09375 0.0777778
0 0.728646 0.553704 0.119792 0.144444
0 0.549479 0.367593 0.0760417 0.0833333
0 0.808333 0.425 0.0625 0.087037
0 0.0713542 0.573148 0.142708 0.135185
0 0.369271 0.772222 0.219792 0.240741
