0 0.723437 0.0648148 0.0260417 0.037037
0 0.928646 0.113889 0.028125 0.0425926
0 0.239583 0.214815 0.0416667 0.0666667
0 0.369271 0.157407 0.0364583 0.0518519
0 0.578125 0.0648148 0.0208333 0.0296296
0 0.546875 0.0537037 0.0166667 0.0296296
0 0.352083 0.178704 0.0395833 0.0611111
0 0.959896 0.125 0.046875 0.0425926
0 0.652604 0.77963 0.151042 0.403704
0 0.570833 0.0842593 0.0229167 0.0351852
0 0.239063 0.292593 0.0510417 0.0851852
0 0.761979 0.0981481 0.0302083 0.0444444
0 0.6125 0.0981481 0.0270833 0.0407407
0 0.615625 0.323148 0.0625 0.142593
0 0.0744792 0.483333 0.090625 0.125926
0 0.571354 0.125926 0.028125 0.0407407
0 0.216667 0.325926 0.0645833 0.0962963
0 0.0348958 0.556481 0.0697917 0.175926
0 0.123958 0.417593 0.0916667 0.109259
0 0.640625 0.171296 0.0395833 0.0648148
0 0.175 0.371296 0.08125 0.109259
0 0.566146 0.209259 0.0447917 0.0703704
