0 0.438542 0.112037 0.0229167 0.0277778
0 0.670833 0.0916667 0.0166667 0.0240741
0 0.460417 0.127778 0.025 0.0333333
0 0.546875 0.075 0.0166667 0.0314815
0 0.644792 0.105556 0.01875 0.037037
0 0.607292 0.0888889 0.0166667 0.037037
0 0.783333 0.17037 0.0416667 0.0555556
0 0.528646 0.140741 0.0260417 0.0407407
0 0.479167 0.160185 0.0291667 0.0388889
0 0.729167 0.17963 0.0333333 0.0481481
0 0.622917 0.164815 0.025 0.0407407
0 0.671875 0.161111 0.0291667 0.0444444
0 0.647396 0.251852 0.040625 0.062963
0 0.96875 0.852778 0.0625 0.275926
0 0.711458 0.227778 0.0416667 0.0555556
0 0.503646 0.257407 0.046875 0.0777778
0 0.390625 0.35463 0.0583333 0.087037
0 0.125 0.571296 0.114583 0.157407
0 0.0916667 0.869444 0.183333 0.25
