0 0.390625 0.0259259 0.03125 0.037037
0 0.378125 0.0425926 0.0458333 0.0481481
0 0.369271 0.0518519 0.0322917 0.0444444
0 0.307813 0.12037 0.046875 0.0592593
0 0.306771 0.0648148 0.0427083 0.0555556
0 0.874479 0.0268519 0.053125 0.05
0 0.852083 0.0694444 0.0541667 0.05
0 0.986979 0.0814815 0.0260417 0.0518519
0 0.447396 0.012037 0.021875 0.0240741
0 0.290104 0.137963 0.0489583 0.0611111
0 0.982813 0.0222222 0.034375 0.0444444
0 0.034375 0.461111 0.06875 0.118519
0 0.191146 0.256481 0.0635417 0.087037
0 0.941667 0.0231481 0.04375 0.0462963
0 0.2625 0.180556 0.0604167 0.0759259
0 0.404167 0.0814815 0.0645833 0.0481481
0 0.966146 0.0648148 0.0552083 0.0518519
0 0.225521 0.221296 0.0635417 0.087037
0 0.142188 0.316667 0.0947917 0.12963
