0 0.542188 0.24537 0.0552083 0.05
0 0.0703125 0.184259 0.0239583 0.0277778
0 0.598437 0.255556 0.0635417 0.0555556
0 0.111979 0.187963 0.028125 0.0314815
0 0.910417 0.340741 0.0895833 0.0666667
0 0.278125 0.233333 0.0416667 0.037037
0 0.794792 0.312963 0.104167 0.0666667
0 0.71875 0.293519 0.0791667 0.0537037
0 0.385417 0.257407 0.05625 0.0481481
0 0.0614583 0.225 0.0354167 0.0388889
0 0.116146 0.262963 0.040625 0.0481481
0 0.221875 0.289815 0.0583333 0.0574074
0 0.528646 0.321296 0.0927083 0.0759259
0 0.463542 0.402778 0.104167 0.105556
0 0.408333 0.85463 0.26875 0.253704
