0 0.946354 0.216667 0.0239583 0.037037
0 0.670313 0.250926 0.0447917 0.0425926
0 0.640104 0.262963 0.0364583 0.0407407
0 0.979688 0.210185 0.0177083 0.0240741
0 0.930729 0.185185 0.015625 0.0222222
0 0.0453125 0.614815 0.090625 0.151852
0 0.607292 0.273148 0.0395833 0.0425926
0 0.85 0.300926 0.04375 0.0574074
0 0.915104 0.27963 0.0322917 0.0481481
0 0.570312 0.290741 0.0447917 0.0481481
0 0.954167 0.242593 0.025 0.0444444
0 0.990104 0.243519 0.0197917 0.0351852
0 0.408854 0.340741 0.0739583 0.0703704
0 0.527604 0.302778 0.0489583 0.0462963
0 0.93125 0.313889 0.0479167 0.0685185
0 0.169271 0.39537 0.059375 0.0611111
0 0.716667 0.423148 0.0666667 0.0944444
0 0.841667 0.375 0.0645833 0.0796296
0 0.875 0.496296 0.08125 0.114815
0 0.334896 0.468519 0.128125 0.122222
0 0.261458 0.412037 0.09375 0.0796296
