0 0.479167 0.0703704 0.0166667 0.0481481
0 0.711979 0.0962963 0.0239583 0.062963
0 0.329688 0.22963 0.040625 0.0925926
0 0.703646 0.221296 0.053125 0.0796296
0 0.634896 0.125926 0.028125 0.0481481
0 0.617188 0.0851852 0.0177083 0.0333333
0 0.652604 0.0888889 0.021875 0.0259259
0 0.764583 0.119444 0.0291667 0.0425926
0 0.534375 0.0962963 0.025 0.0481481
0 0.504167 0.0814815 0.01875 0.037037
0 0.809375 0.168519 0.0416667 0.0518519
0 0.478125 0.127778 0.0229167 0.0407407
0 0.641146 0.166667 0.034375 0.0481481
0 0.677604 0.125926 0.0260417 0.0444444
0 0.332292 0.413889 0.08125 0.157407
0 0.721354 0.206481 0.0489583 0.0759259
0 0.811979 0.233333 0.0552083 0.0814815
0 0.438021 0.208333 0.0427083 0.0685185
0 0.684896 0.25 0.0447917 0.0740741
0 0.883854 0.237963 0.0552083 0.0685185
0 0.502604 0.222222 0.0427083 0.0666667
0 0.285937 0.287963 0.0552083 0.0759259
0 0.775 0.380556 0.0666667 0.0981481
