0 0.836979 0.160185 0.090625 0.0611111
0 0.0427083 0.175926 0.0208333 0.0296296
0 0.313021 0.15 0.0385417 0.0333333
0 0.0786458 0.203704 0.0322917 0.0407407
0 0.05 0.22963 0.0333333 0.0481481
0 0.0255208 0.198148 0.0239583 0.0333333
0 0.513021 0.111111 0.071875 0.0444444
0 0.230729 0.202778 0.0427083 0.05
0 0.975 0.162037 0.05 0.0833333
0 0.757292 0.533333 0.2 0.151852
0 0.748438 0.232407 0.0864583 0.0722222
0 0.797917 0.462963 0.2 0.140741
0 0.139062 0.306481 0.053125 0.0759259
0 0.882812 0.871296 0.234375 0.25
0 0.448438 0.308333 0.0947917 0.0833333
0 0.364583 0.436111 0.10625 0.138889
0 0.481771 0.781482 0.230208 0.322222
