0 0.456771 0.0833333 0.040625 0.0444444
0 0.0354167 0.0861111 0.0270833 0.0388889
0 0.214583 0.137037 0.04375 0.0555556
0 0.104687 0.106481 0.0322917 0.0462963
0 0.590104 0.197222 0.0760417 0.0722222
0 0.585417 0.239815 0.08125 0.0685185
0 0.0166667 0.162037 0.0333333 0.0611111
0 0.238021 0.877778 0.207292 0.237037
0 0.358333 0.271296 0.0770833 0.0981481
0 0.209896 0.362037 0.0802083 0.12037
0 0.520312 0.899074 0.211458 0.198148
0 0.259375 0.523148 0.129167 0.212963
0 0.467187 0.489815 0.132292 0.172222
0 0.851562 0.694444 0.240625 0.251852
0 0.711979 0.844444 0.255208 0.296296
