0 0.6375 0.17037 0.135417 0.0851852
0 0.299479 0.107407 0.034375 0.0333333
0 0.814583 0.12963 0.0541667 0.0666667
0 0.546354 0.151852 0.065625 0.0592593
0 0.126563 0.119444 0.0260417 0.0351852
0 0.5 0.0722222 0.0541667 0.0407407
0 0.160417 0.160185 0.0416667 0.0462963
0 0.971875 0.137037 0.0520833 0.0814815
0 0.756771 0.201852 0.115625 0.0740741
0 0.892187 0.237963 0.115625 0.0759259
0 0.585417 0.164815 0.05 0.0555556
0 0.0744792 0.20463 0.040625 0.0648148
0 0.0151042 0.15 0.028125 0.037037
0 0.238021 0.166667 0.046875 0.0481481
0 0.0161458 0.237963 0.0322917 0.0685185
0 0.236458 0.317593 0.08125 0.101852
0 0.634375 0.362037 0.147917 0.12037
