0 0.383854 0.115741 0.046875 0.05
0 0.421354 0.0768519 0.0385417 0.0425926
0 0.0791667 0.121296 0.0291667 0.0462963
0 0.459896 0.1 0.0427083 0.0481481
0 0.0479167 0.0777778 0.025 0.0333333
0 0.0135417 0.1 0.025 0.037037
0 0.0244792 0.143519 0.0322917 0.05
0 0.144792 0.137037 0.0395833 0.0518519
0 0.200521 0.201852 0.046875 0.0666667
0 0.351042 0.344444 0.104167 0.188889
0 0.263021 0.176852 0.0489583 0.0648148
0 0.527083 0.137963 0.0520833 0.0537037
0 0.482292 0.365741 0.102083 0.12037
0 0.766667 0.216667 0.102083 0.0962963
0 0.316146 0.596296 0.128125 0.222222
