0 0.709375 0.140741 0.0270833 0.0333333
0 0.667188 0.142593 0.028125 0.037037
0 0.890625 0.132407 0.025 0.0388889
0 0.846354 0.138889 0.021875 0.0296296
0 0.968229 0.137963 0.0364583 0.0833333
0 0.00989583 0.105556 0.0197917 0.0296296
0 0.0770833 0.0962963 0.0854167 0.0407407
0 0.646354 0.206481 0.0385417 0.0425926
0 0.697917 0.505556 0.108333 0.185185
0 0.893229 0.294444 0.046875 0.0777778
0 0.966146 0.317593 0.046875 0.0759259
0 0.306771 0.862963 0.192708 0.259259
0 0.460417 0.392593 0.0916667 0.1
0 0.293229 0.45463 0.119792 0.12037
0 0.78125 0.827778 0.14375 0.288889
