0 0.458333 0.144444 0.0208333 0.0333333
0 0.603125 0.115741 0.0208333 0.0314815
0 0.429688 0.132407 0.021875 0.0277778
0 0.503125 0.112963 0.025 0.0444444
0 0.657812 0.12963 0.0239583 0.037037
0 0.615104 0.148148 0.0260417 0.0407407
0 0.485417 0.158333 0.025 0.0351852
0 0.628125 0.186111 0.0291667 0.05
0 0.365625 0.203704 0.0333333 0.0407407
0 0.301562 0.263889 0.0427083 0.0537037
0 0.688021 0.207407 0.034375 0.0518519
0 0.979688 0.947222 0.040625 0.101852
0 0.816146 0.227778 0.040625 0.0518519
0 0.765625 0.230556 0.0416667 0.0611111
0 0.385417 0.246296 0.0395833 0.0444444
0 0.463021 0.341667 0.0510417 0.0833333
0 0.0307292 0.777778 0.0614583 0.192593
0 0.652083 0.285185 0.0458333 0.0814815
0 0.2875 0.353704 0.0645833 0.0925926
0 0.738021 0.713889 0.109375 0.172222
0 0.435417 0.487963 0.0708333 0.116667
0 0.136458 0.834259 0.164583 0.242593
0 0.326042 0.885185 0.152083 0.225926
