0 0.0463542 0.0138889 0.0177083 0.0277778
0 0.594271 0.0759259 0.0635417 0.0444444
0 0.0796875 0.0342593 0.0239583 0.0277778
0 0.961458 0.288889 0.0770833 0.0555556
0 0.0260417 0.0203704 0.0270833 0.0407407
0 0.121354 0.0240741 0.0197917 0.0407407
0 0.303646 0.0472222 0.028125 0.0314815
0 0.809375 0.150926 0.0458333 0.0425926
0 0.0760417 0.0648148 0.03125 0.0407407
0 0.866146 0.162037 0.040625 0.0425926
0 0.334896 0.187963 0.0510417 0.0537037
0 0.155208 0.125926 0.0395833 0.0518519
0 0.789583 0.221296 0.0708333 0.0722222
0 0.386458 0.194444 0.0729167 0.0703704
0 0.6625 0.436111 0.170833 0.161111
