0 0.242188 0.358333 0.034375 0.05
0 0.496875 0.191667 0.0166667 0.0314815
0 0.655729 0.251852 0.0197917 0.0259259
0 0.628125 0.242593 0.0395833 0.0740741
0 0.953125 0.387963 0.0666667 0.0611111
0 0.704167 0.244444 0.0208333 0.0296296
0 0.250521 0.341667 0.046875 0.0611111
0 0.482812 0.273148 0.0260417 0.0425926
0 0.560417 0.225926 0.0166667 0.0222222
0 0.901563 0.394444 0.046875 0.062963
0 0.6875 0.287963 0.0291667 0.0314815
0 0.334896 0.275 0.0427083 0.05
0 0.282292 0.308333 0.0375 0.0611111
0 0.432292 0.299074 0.0291667 0.0425926
0 0.446354 0.356481 0.040625 0.0648148
