0 0.355729 0.162037 0.021875 0.0388889
0 0.0578125 0.322222 0.0614583 0.0666667
0 0.769792 0.147222 0.0354167 0.0425926
0 0.294792 0.210185 0.0229167 0.0425926
0 0.990104 0.291667 0.0197917 0.0462963
0 0.578125 0.0759259 0.0166667 0.0259259
0 0.840625 0.187037 0.0395833 0.0518519
0 0.986458 0.183333 0.0270833 0.0518519
0 0.0651042 0.399074 0.034375 0.0796296
0 0.124479 0.335185 0.0510417 0.0740741
0 0.95 0.199074 0.0708333 0.0648148
0 0.263021 0.235185 0.0322917 0.0481481
0 0.856771 0.193519 0.0552083 0.0574074
0 0.448438 0.167593 0.0260417 0.0425926
0 0.236979 0.248148 0.040625 0.0481481
0 0.614062 0.162037 0.0260417 0.0388889
0 0.588542 0.111111 0.01875 0.0259259
0 0.315104 0.227778 0.034375 0.0481481
0 0.938542 0.243519 0.0604167 0.0648148
0 0.203646 0.267593 0.0552083 0.0611111
0 0.502604 0.150926 0.021875 0.0351852
0 0.156771 0.262037 0.046875 0.0611111
0 0.642708 0.187037 0.03125 0.0518519
0 0.0921875 0.365741 0.065625 0.0833333
0 0.33125 0.341667 0.05625 0.0833333
0 0.970833 0.266667 0.0583333 0.0703704
