0 0.551562 0.140741 0.0260417 0.037037
0 0.634375 0.168519 0.01875 0.0296296
0 0.504687 0.443519 0.059375 0.142593
0 0.278646 0.297222 0.015625 0.0240741
0 0.674479 0.193519 0.0239583 0.0277778
0 0.00729167 0.868519 0.0145833 0.1
0 0.825 0.283333 0.03125 0.0481481
0 0.441146 0.27037 0.0239583 0.0333333
0 0.615625 0.188889 0.0229167 0.0333333
0 0.0864583 0.634259 0.0916667 0.112963
0 0.858333 0.312037 0.0395833 0.0574074
0 0.573958 0.181481 0.025 0.0333333
0 0.330729 0.269444 0.0239583 0.0388889
0 0.645833 0.227778 0.01875 0.0259259
0 0.985937 0.411111 0.028125 0.062963
0 0.889583 0.335185 0.0520833 0.0555556
0 0.965104 0.387037 0.0677083 0.0703704
0 0.920833 0.357407 0.05625 0.062963
0 0.585938 0.259259 0.0239583 0.0407407
0 0.672917 0.24537 0.025 0.0388889
0 0.23125 0.342593 0.05625 0.0592593
0 0.629167 0.273148 0.0333333 0.05
0 0.50625 0.337037 0.0416667 0.062963
