0 0.856771 0.131481 0.0302083 0.0296296
0 0.475 0.0712963 0.0229167 0.0351852
0 0.00885417 0.225926 0.0177083 0.0259259
0 0.41875 0.124074 0.0270833 0.0518519
0 0.551562 0.0416667 0.0197917 0.0351852
0 0.827604 0.132407 0.0260417 0.0388889
0 0.797917 0.114815 0.0375 0.0481481
0 0.980208 0.247222 0.0395833 0.087037
0 0.0484375 0.206481 0.040625 0.0611111
0 0.500521 0.111111 0.0302083 0.0518519
0 0.8875 0.175926 0.05625 0.0814815
0 0.309896 0.223148 0.0489583 0.0759259
0 0.321875 0.927778 0.160417 0.140741
0 0.464063 0.305556 0.0677083 0.12963
0 0.961979 0.19537 0.0760417 0.0648148
0 0.197917 0.272222 0.1 0.0888889
0 0.381771 0.434259 0.0947917 0.146296
0 0.236979 0.640741 0.128125 0.214815
