0 0.411979 0.121296 0.028125 0.0425926
0 0.682813 0.0814815 0.0197917 0.0259259
0 0.700521 0.102778 0.021875 0.0277778
0 0.455208 0.119444 0.025 0.0388889
0 0.498958 0.101852 0.0229167 0.037037
0 0.6125 0.0898148 0.0208333 0.0314815
0 0.540104 0.0953704 0.0260417 0.0425926
0 0.730729 0.132407 0.0302083 0.0425926
0 0.633854 0.109259 0.0260417 0.0481481
0 0.779688 0.136111 0.034375 0.0388889
0 0.444271 0.208333 0.0385417 0.0759259
0 0.373958 0.162963 0.0333333 0.0444444
0 0.513542 0.207407 0.0375 0.0666667
0 0.370313 0.225926 0.040625 0.0592593
0 0.794271 0.225926 0.046875 0.062963
0 0.711979 0.199074 0.040625 0.0574074
0 0.881771 0.249074 0.059375 0.0648148
0 0.794792 0.390741 0.0708333 0.1
0 0.244792 0.301852 0.0645833 0.0777778
0 0.486458 0.288889 0.0520833 0.0777778
0 0.769792 0.694444 0.10625 0.196296
