0 0.410417 0.0768519 0.0291667 0.0425926
0 0.966146 0.0824074 0.0447917 0.0462963
0 0.370833 0.119444 0.0395833 0.0537037
0 0.933854 0.0675926 0.028125 0.0425926
0 0.351562 0.144444 0.0364583 0.0592593
0 0.241667 0.177778 0.0416667 0.0666667
0 0.332812 0.164815 0.0364583 0.0592593
0 0.300521 0.182407 0.0572917 0.0611111
0 0.240625 0.251852 0.0520833 0.0740741
0 0.0390625 0.523148 0.078125 0.172222
0 0.660417 0.0287037 0.0229167 0.0351852
0 0.0791667 0.449074 0.0916667 0.131481
0 0.219271 0.289815 0.071875 0.0944444
0 0.833333 0.109259 0.0458333 0.062963
0 0.127604 0.390741 0.0885417 0.125926
0 0.179167 0.330556 0.0791667 0.0944444
0 0.823958 0.222222 0.0666667 0.0814815
