0 0.891146 0.255556 0.0989583 0.0703704
0 0.313021 0.148148 0.0385417 0.0333333
0 0.178125 0.212037 0.0354167 0.0388889
0 0.0463542 0.217593 0.034375 0.0611111
0 0.213542 0.173148 0.04375 0.05
0 0.592708 0.196296 0.0520833 0.0555556
0 0.510938 0.108333 0.065625 0.0425926
0 0.0171875 0.181481 0.0239583 0.0333333
0 0.838021 0.158333 0.0927083 0.0611111
0 0.228125 0.202778 0.04375 0.0425926
0 0.748958 0.22963 0.0875 0.0740741
0 0.974479 0.158333 0.0489583 0.0833333
0 0.121875 0.253704 0.04375 0.0592593
0 0.379687 0.319444 0.090625 0.0685185
0 0.405729 0.275926 0.0822917 0.0740741
0 0.217187 0.328704 0.0677083 0.0907407
0 0.375 0.689815 0.18125 0.283333
