0 0.580729 0.0731481 0.0697917 0.05
0 0.556771 0.140741 0.0677083 0.0592593
0 0.517708 0.0657407 0.0666667 0.0425926
0 0.414583 0.12037 0.0604167 0.0407407
0 0.867708 0.121296 0.06875 0.0574074
0 0.90625 0.228704 0.116667 0.0833333
0 0.824479 0.118519 0.053125 0.0592593
0 0.314583 0.103704 0.0354167 0.0333333
0 0.0182292 0.125 0.021875 0.0277778
0 0.723437 0.912963 0.290625 0.166667
0 0.595312 0.157407 0.0489583 0.0555556
0 0.0630208 0.146296 0.0302083 0.0444444
0 0.210938 0.148148 0.0385417 0.0592593
0 0.979167 0.125926 0.0416667 0.0777778
0 0.754167 0.191667 0.0875 0.0759259
0 0.100521 0.243519 0.0489583 0.0685185
0 0.197917 0.258333 0.0625 0.0759259
0 0.190625 0.364815 0.0854167 0.114815
