0 0.279167 0.121296 0.0395833 0.0611111
0 0.70625 0.0592593 0.0208333 0.0333333
0 0.246354 0.163889 0.046875 0.0685185
0 0.817187 0.101852 0.0385417 0.0555556
0 0.325521 0.0898148 0.0489583 0.0611111
0 0.411979 0.215741 0.071875 0.087037
0 0.448958 0.125926 0.0395833 0.0518519
0 0.455208 0.161111 0.0416667 0.062963
0 0.380729 0.112963 0.0427083 0.0444444
0 0.469271 0.0666667 0.0260417 0.0296296
0 0.574479 0.037037 0.0197917 0.0333333
0 0.393229 0.20463 0.0489583 0.0722222
0 0.425 0.253704 0.05625 0.111111
