0 0.328646 0.273148 0.021875 0.0388889
0 0.647396 0.242593 0.0302083 0.0481481
0 0.881771 0.335185 0.0385417 0.0518519
0 0.676042 0.25 0.0229167 0.0296296
0 0.592188 0.199074 0.0177083 0.0240741
0 0.03125 0.447222 0.0625 0.0981481
0 0.652604 0.259259 0.0260417 0.0407407
0 0.985417 0.408333 0.0291667 0.0685185
0 0.917188 0.356481 0.0572917 0.0574074
0 0.509896 0.219444 0.0177083 0.0240741
0 0.957812 0.385185 0.0697917 0.0666667
0 0.415104 0.298148 0.034375 0.0555556
0 0.508854 0.291667 0.0322917 0.0537037
0 0.228646 0.343519 0.053125 0.0648148
0 0.623438 0.272222 0.0302083 0.0481481
0 0.496875 0.353704 0.04375 0.0666667
0 0.411458 0.443519 0.0625 0.0981481
