0 0.886979 0.0555556 0.0239583 0.0333333
0 0.905208 0.0416667 0.01875 0.0277778
0 0.973437 0.0231481 0.0197917 0.0351852
0 0.571354 0.123148 0.0427083 0.05
0 0.534896 0.525 0.136458 0.164815
0 0.875 0.121296 0.0395833 0.0574074
0 0.636458 0.146296 0.0416667 0.0518519
0 0.438542 0.210185 0.0625 0.0648148
0 0.567708 0.235185 0.06875 0.0962963
0 0.714583 0.897222 0.164583 0.198148
0 0.914583 0.188889 0.0458333 0.0740741
0 0.688542 0.477778 0.1125 0.17037
0 0.868229 0.328704 0.059375 0.101852
0 0.482292 0.25 0.0708333 0.0740741
0 0.364062 0.294444 0.0864583 0.0851852
0 0.219792 0.560185 0.1625 0.175926
0 0.254687 0.436111 0.130208 0.127778
