0 0.23125 0.952778 0.177083 0.0944444
0 0.402083 0.0824074 0.03125 0.0425926
0 0.253125 0.230556 0.0354167 0.0796296
0 0.225 0.230556 0.0875 0.0907407
0 0.286979 0.132407 0.0427083 0.0685185
0 0.3875 0.0944444 0.03125 0.0481481
0 0.177083 0.283333 0.0416667 0.0925926
0 0.367708 0.111111 0.0416667 0.0518519
0 0.0333333 0.432407 0.0666667 0.112963
0 0.134896 0.325926 0.0760417 0.103704
0 0.766667 0.0333333 0.0375 0.0518519
0 0.335938 0.134259 0.0572917 0.0611111
0 0.7625 0.075 0.0395833 0.0611111
0 0.26875 0.201852 0.05 0.0740741
0 0.0828125 0.368519 0.0802083 0.0925926
0 0.472917 0.190741 0.05625 0.0814815
0 0.544271 0.276852 0.0677083 0.116667
