0 0.622396 0.012037 0.0302083 0.0240741
0 0.571875 0.0212963 0.0354167 0.0425926
0 0.0546875 0.218519 0.053125 0.0666667
0 0.223958 0.102778 0.0333333 0.0648148
0 0.468229 0.037037 0.0239583 0.0407407
0 0.890625 0.123148 0.0520833 0.0759259
0 0.0479167 0.156481 0.0395833 0.0611111
0 0.563021 0.0685185 0.0322917 0.0518519
0 0.414062 0.117593 0.040625 0.0574074
0 0.981771 0.198148 0.0364583 0.1
0 0.595312 0.0453704 0.028125 0.0425926
0 0.641146 0.116667 0.040625 0.0592593
0 0.401563 0.147222 0.0489583 0.0722222
0 0.492188 0.0805556 0.0302083 0.0537037
0 0.961979 0.141667 0.0760417 0.0648148
0 0.135937 0.160185 0.053125 0.0611111
0 0.280729 0.189815 0.0802083 0.101852
0 0.0192708 0.248148 0.0385417 0.0925926
0 0.579687 0.144444 0.0447917 0.0703704
0 0.629167 0.233333 0.0625 0.0962963
0 0.667708 0.632407 0.141667 0.253704
0 0.83125 0.355556 0.102083 0.122222
0 0.895312 0.686111 0.171875 0.227778
