0 0.856771 0.139815 0.0552083 0.0574074
0 0.940104 0.188889 0.059375 0.062963
0 0.623958 0.0601852 0.01875 0.0277778
0 0.297917 0.155556 0.03125 0.0444444
0 0.506771 0.062963 0.0239583 0.0444444
0 0.526563 0.087037 0.0239583 0.0407407
0 0.601042 0.0796296 0.0291667 0.0444444
0 0.278125 0.168519 0.0291667 0.0444444
0 0.2 0.218519 0.0520833 0.0555556
0 0.0640625 0.346296 0.0322917 0.0814815
0 0.970833 0.209259 0.0583333 0.0666667
0 0.261979 0.180556 0.0302083 0.05
0 0.615104 0.201852 0.040625 0.0666667
0 0.126563 0.276852 0.0552083 0.0722222
0 0.239583 0.19537 0.0395833 0.05
0 0.157813 0.206481 0.0510417 0.0611111
0 0.481771 0.112037 0.0260417 0.0425926
0 0.421354 0.148148 0.0302083 0.0481481
0 0.0921875 0.312037 0.0697917 0.087037
0 0.311458 0.510185 0.11875 0.242593
0 0.666146 0.506481 0.101042 0.157407
0 0.6375 0.346296 0.0666667 0.103704
0 0.885938 0.673148 0.163542 0.209259
