0 0.993229 0.188889 0.0135417 0.0333333
0 0.670313 0.251852 0.0447917 0.0407407
0 0.859375 0.186111 0.05 0.0425926
0 0.639063 0.265741 0.0364583 0.0388889
0 0.606771 0.276852 0.0427083 0.0425926
0 0.829167 0.239815 0.0291667 0.0462963
0 0.569792 0.291667 0.0458333 0.0462963
0 0.947396 0.223148 0.0239583 0.0314815
0 0.986979 0.244444 0.0260417 0.0481481
0 0.527604 0.306481 0.0510417 0.0425926
0 0.407292 0.343519 0.0729167 0.0759259
0 0.8625 0.344444 0.05 0.0666667
0 0.169271 0.397222 0.059375 0.0611111
0 0.920833 0.285185 0.0375 0.0481481
0 0.804688 0.471296 0.059375 0.112963
0 0.911458 0.39537 0.05625 0.087037
0 0.260417 0.415741 0.09375 0.0796296
0 0.682292 0.462963 0.0895833 0.0962963
0 0.0854167 0.52037 0.13125 0.125926
0 0.280208 0.644444 0.19375 0.174074
