0 0.795313 0.0740741 0.015625 0.0222222
0 0.00989583 0.103704 0.0197917 0.0296296
0 0.0833333 0.0953704 0.0833333 0.0388889
0 0.914062 0.0768519 0.0135417 0.0240741
0 0.745313 0.0990741 0.0177083 0.0277778
0 0.88125 0.107407 0.0208333 0.0333333
0 0.730729 0.121296 0.021875 0.0277778
0 0.644792 0.217593 0.0520833 0.0833333
0 0.9375 0.101852 0.01875 0.0296296
0 0.891667 0.132407 0.025 0.0351852
0 0.517708 0.218519 0.0395833 0.0444444
0 0.399479 0.292593 0.0697917 0.0666667
0 0.492708 0.372222 0.0895833 0.1
0 0.490104 0.310185 0.0760417 0.0833333
0 0.459896 0.284259 0.0552083 0.0685185
0 0.60625 0.190741 0.04375 0.0555556
0 0.586979 0.848148 0.176042 0.281481
0 0.170833 0.537963 0.14375 0.15
0 0.614583 0.498148 0.104167 0.125926
