0 0.450521 0.134259 0.103125 0.0759259
0 0.0333333 0.301852 0.0583333 0.0555556
0 0.428125 0.150926 0.05625 0.0685185
0 0.56875 0.0694444 0.0416667 0.0537037
0 0.469792 0.119444 0.0708333 0.0611111
0 0.611458 0.0472222 0.0479167 0.05
0 0.231771 0.256481 0.105208 0.0907407
0 0.524479 0.0925926 0.0552083 0.062963
0 0.121354 0.608333 0.242708 0.287037
0 0.692187 0.14537 0.0802083 0.0796296
0 0.0375 0.375926 0.0729167 0.107407
0 0.124479 0.317593 0.115625 0.109259
0 0.619792 0.160185 0.08125 0.0907407
0 0.461458 0.280556 0.0958333 0.12037
