0 0.732292 0.062963 0.0291667 0.0407407
0 0.990625 0.0796296 0.01875 0.037037
0 0.955729 0.0824074 0.046875 0.0462963
0 0.667708 0.178704 0.0604167 0.116667
0 0.578125 0.10463 0.03125 0.05
0 0.69375 0.107407 0.0375 0.0555556
0 0.306771 0.189815 0.0489583 0.0722222
0 0.767187 0.115741 0.040625 0.0611111
0 0.976562 0.126852 0.046875 0.0574074
0 0.040625 0.502778 0.08125 0.131481
0 0.277083 0.224074 0.0583333 0.0814815
0 0.482292 0.155556 0.08125 0.062963
0 0.241146 0.261111 0.0635417 0.0888889
0 0.20625 0.30463 0.0645833 0.0944444
0 0.157813 0.35463 0.0927083 0.124074
0 0.559896 0.239815 0.053125 0.0944444
0 0.773958 0.203704 0.0541667 0.0740741
0 0.8875 0.236111 0.0729167 0.0833333
0 0.605729 0.331481 0.0760417 0.125926
0 0.770312 0.436111 0.103125 0.164815
