0 0.243229 0.196296 0.0552083 0.0740741
0 0.350521 0.163889 0.0385417 0.0537037
0 0.564583 0.037963 0.0166667 0.0314815
0 0.754167 0.0675926 0.0270833 0.0425926
0 0.33125 0.180556 0.0395833 0.0611111
0 0.194792 0.325926 0.102083 0.103704
0 0.752083 0.109259 0.0354167 0.0481481
0 0.714063 0.0824074 0.0302083 0.0462963
0 0.845833 0.663889 0.1875 0.438889
0 0.579167 0.0925926 0.0270833 0.0407407
0 0.298438 0.200926 0.059375 0.0611111
0 0.240104 0.275 0.0510417 0.087037
0 0.215625 0.306481 0.0645833 0.0944444
0 0.796875 0.144444 0.0458333 0.0592593
0 0.586979 0.176852 0.0427083 0.0648148
0 0.853646 0.191667 0.059375 0.0759259
0 0.178125 0.352778 0.0791667 0.109259
0 0.0770833 0.466667 0.0895833 0.133333
0 0.940104 0.265741 0.0822917 0.0981481
0 0.126042 0.403704 0.0916667 0.122222
0 0.0359375 0.537963 0.071875 0.172222
0 0.603646 0.614815 0.101042 0.211111
0 0.885938 0.32037 0.0947917 0.107407
0 0.414583 0.256481 0.120833 0.0833333
