0 0.572917 0.0240741 0.0208333 0.0407407
0 0.704167 0.0657407 0.0333333 0.0388889
0 0.331771 0.182407 0.040625 0.0611111
0 0.35625 0.160185 0.04375 0.0611111
0 0.300521 0.202778 0.059375 0.0611111
0 0.218229 0.3 0.0614583 0.0814815
0 0.241667 0.273148 0.05 0.0833333
0 0.625521 0.106481 0.0322917 0.05
0 0.9875 0.394444 0.025 0.0888889
0 0.175 0.35463 0.0729167 0.112963
0 0.736979 0.144444 0.0447917 0.0777778
0 0.538021 0.168519 0.0385417 0.062963
0 0.794271 0.142593 0.0447917 0.062963
0 0.874479 0.221296 0.0677083 0.0944444
0 0.0776042 0.468519 0.090625 0.133333
0 0.0359375 0.537963 0.071875 0.175926
0 0.126563 0.405556 0.090625 0.125926
0 0.65625 0.193519 0.05 0.0759259
0 0.603646 0.364815 0.0739583 0.125926
0 0.371354 0.266667 0.0864583 0.0888889
0 0.713021 0.327778 0.071875 0.114815
