0 0.15625 0.167593 0.0479167 0.0425926
0 0.225 0.164815 0.0395833 0.0407407
0 0.273958 0.137963 0.0375 0.0388889
0 0.111458 0.212963 0.04375 0.037037
0 0.205729 0.162963 0.053125 0.0481481
0 0.395833 0.0916667 0.05 0.0351852
0 0.0583333 0.233333 0.08125 0.062963
0 0.590625 0.352778 0.1375 0.127778
0 0.0583333 0.487963 0.0979167 0.0981481
0 0.795313 0.0555556 0.0447917 0.0407407
0 0.979688 0.125926 0.040625 0.0777778
0 0.529167 0.174074 0.0583333 0.0703704
0 0.0526042 0.535185 0.105208 0.1
0 0.744271 0.062037 0.0447917 0.0462963
0 0.461458 0.292593 0.0666667 0.0888889
0 0.309375 0.378704 0.0833333 0.0759259
0 0.421354 0.856481 0.221875 0.283333
