0 0.446875 0.262037 0.01875 0.0351852
0 0.278646 0.29537 0.015625 0.0240741
0 0.856771 0.309259 0.0364583 0.0592593
0 0.572917 0.182407 0.0229167 0.0277778
0 0.986458 0.409259 0.0270833 0.0666667
0 0.330729 0.269444 0.021875 0.0388889
0 0.823958 0.282407 0.0291667 0.0462963
0 0.00729167 0.87037 0.0145833 0.1
0 0.645833 0.227778 0.0166667 0.0259259
0 0.615104 0.191667 0.021875 0.0351852
0 0.675 0.194444 0.025 0.0259259
0 0.889063 0.332407 0.0489583 0.0574074
0 0.965625 0.384259 0.06875 0.0722222
0 0.589063 0.275 0.0260417 0.0425926
0 0.6375 0.301852 0.0395833 0.0592593
0 0.51875 0.290741 0.0333333 0.0518519
0 0.664583 0.246296 0.0270833 0.0407407
0 0.921875 0.356481 0.0583333 0.0648148
0 0.230208 0.340741 0.0583333 0.062963
0 0.206771 0.888889 0.182292 0.218519
