0 0.636979 0.127778 0.0322917 0.0481481
0 0.692187 0.0731481 0.021875 0.0351852
0 0.531771 0.0972222 0.0260417 0.0351852
0 0.36875 0.125 0.0291667 0.0462963
0 0.621875 0.0888889 0.0270833 0.0333333
0 0.794792 0.125 0.03125 0.0462963
0 0.703646 0.113889 0.0322917 0.0425926
0 0.744271 0.171296 0.0385417 0.0574074
0 0.636458 0.162963 0.0333333 0.0518519
0 0.517187 0.148148 0.0322917 0.0518519
0 0.690625 0.153704 0.0354167 0.0518519
0 0.25 0.274074 0.0604167 0.0740741
0 0.499479 0.227778 0.0447917 0.0703704
0 0.702604 0.215741 0.0447917 0.0611111
0 0.365104 0.635185 0.117708 0.22963
0 0.664583 0.257407 0.05 0.107407
0 0.426562 0.24537 0.0510417 0.0722222
0 0.447396 0.363889 0.0614583 0.109259
0 0.822917 0.24537 0.05625 0.0722222
0 0.126563 0.538889 0.123958 0.155556
0 0.29375 0.490741 0.09375 0.144444
