0 0.669792 0.249074 0.0395833 0.0425926
0 0.85625 0.181481 0.0395833 0.0333333
0 0.916146 0.191667 0.0135417 0.0203704
0 0.98125 0.209259 0.0208333 0.0296296
0 0.95 0.205556 0.01875 0.0296296
0 0.640104 0.263889 0.040625 0.0388889
0 0.835417 0.256481 0.0333333 0.0388889
0 0.606771 0.275 0.0427083 0.0425926
0 0.568229 0.291667 0.0447917 0.0462963
0 0.945833 0.239815 0.025 0.0314815
0 0.169271 0.396296 0.059375 0.0592593
0 0.40625 0.342593 0.0729167 0.0703704
0 0.526042 0.303704 0.0479167 0.0444444
0 0.848437 0.432407 0.0697917 0.0944444
0 0.68125 0.466667 0.0833333 0.0962963
0 0.028125 0.549074 0.05625 0.112963
0 0.260417 0.413889 0.09375 0.0796296
0 0.440625 0.877778 0.24375 0.233333
