0 0.6375 0.2 0.0333333 0.0444444
0 0.746354 0.199074 0.034375 0.0425926
0 0.0416667 0.0509259 0.0541667 0.0314815
0 0.476562 0.127778 0.0177083 0.0296296
0 0.626562 0.174074 0.0239583 0.0407407
0 0.6875 0.193519 0.0354167 0.0537037
0 0.811458 0.20463 0.0395833 0.05
0 0.0885417 0.037037 0.0604167 0.037037
0 0.821354 0.932407 0.144792 0.127778
0 0.657812 0.234259 0.0385417 0.0537037
0 0.410417 0.155556 0.03125 0.0555556
0 0.78125 0.246296 0.04375 0.0518519
0 0.918229 0.32037 0.065625 0.0740741
0 0.489062 0.156481 0.0239583 0.0351852
0 0.65 0.285185 0.04375 0.0666667
0 0.714583 0.253704 0.0395833 0.0592593
0 0.463542 0.205556 0.0333333 0.0481481
0 0.848437 0.35 0.0635417 0.0740741
0 0.486458 0.303704 0.05 0.0740741
0 0.685938 0.405556 0.0614583 0.0962963
0 0.827604 0.475 0.084375 0.116667
0 0.399479 0.637037 0.096875 0.17037
0 0.960938 0.493519 0.078125 0.116667
