0 0.858333 0.182407 0.04375 0.0351852
0 0.670833 0.251852 0.04375 0.0407407
0 0.639583 0.262963 0.0375 0.037037
0 0.569271 0.292593 0.0447917 0.0444444
0 0.816146 0.246296 0.0302083 0.0481481
0 0.954167 0.222222 0.0229167 0.0259259
0 0.988542 0.24537 0.0229167 0.0388889
0 0.608333 0.276852 0.0416667 0.0425926
0 0.719271 0.419444 0.059375 0.0796296
0 0.528125 0.306481 0.0520833 0.0425926
0 0.125 0.760185 0.245833 0.227778
0 0.407292 0.346296 0.0729167 0.0740741
0 0.827604 0.427778 0.0697917 0.0925926
0 0.928646 0.274074 0.0364583 0.0481481
0 0.169271 0.398148 0.059375 0.062963
0 0.928125 0.369444 0.0520833 0.0759259
0 0.877083 0.326852 0.0458333 0.0611111
0 0.0984375 0.512037 0.128125 0.12037
0 0.260938 0.415741 0.0927083 0.0796296
