0 0.00989583 0.103704 0.0197917 0.0259259
0 0.726042 0.157407 0.0270833 0.0333333
0 0.898958 0.124074 0.0208333 0.0296296
0 0.683854 0.157407 0.0322917 0.0407407
0 0.963542 0.144444 0.0229167 0.037037
0 0.942187 0.126852 0.0197917 0.0351852
0 0.567708 0.212037 0.04375 0.0537037
0 0.628646 0.252778 0.053125 0.0685185
0 0.858854 0.198148 0.0322917 0.0444444
0 0.436979 0.3 0.0697917 0.0666667
0 0.710938 0.505556 0.0677083 0.122222
0 0.39375 0.437037 0.122917 0.133333
0 0.504167 0.580556 0.127083 0.157407
0 0.132292 0.44537 0.110417 0.109259
0 0.233854 0.501852 0.130208 0.125926
