0 0.657292 0.100926 0.0354167 0.0462963
0 0.969792 0.00925926 0.0145833 0.0185185
0 0.702604 0.0851852 0.034375 0.062963
0 0.903125 0.0546296 0.025 0.0351852
0 0.601562 0.113889 0.0364583 0.0425926
0 0.90625 0.138889 0.0354167 0.0481481
0 0.927604 0.0907407 0.028125 0.0444444
0 0.798437 0.144444 0.034375 0.0518519
0 0.889063 0.22963 0.0489583 0.0925926
0 0.973437 0.192593 0.0385417 0.0777778
0 0.843229 0.156481 0.0427083 0.0648148
0 0.539062 0.150926 0.0427083 0.0462963
0 0.585417 0.221296 0.0645833 0.0685185
0 0.613021 0.157407 0.0447917 0.0518519
0 0.722917 0.236111 0.0541667 0.0685185
0 0.3625 0.25 0.075 0.0777778
0 0.325521 0.409259 0.117708 0.125926
