0 0.622917 0.100926 0.0270833 0.0425926
0 0.611458 0.0583333 0.0208333 0.0314815
0 0.711458 0.112037 0.025 0.0388889
0 0.517708 0.119444 0.025 0.0388889
0 0.403125 0.146296 0.0333333 0.0518519
0 0.738542 0.0842593 0.0229167 0.0277778
0 0.740104 0.144444 0.0322917 0.0518519
0 0.934896 0.273148 0.0697917 0.0685185
0 0.634375 0.147222 0.03125 0.0574074
0 0.95625 0.439815 0.0875 0.172222
0 0.513021 0.173148 0.034375 0.0537037
0 0.935938 0.339815 0.0760417 0.0833333
0 0.458854 0.15 0.0447917 0.0962963
0 0.377083 0.20463 0.04375 0.0574074
0 0.282292 0.240741 0.05 0.0703704
0 0.686979 0.389815 0.065625 0.109259
0 0.488542 0.273148 0.0479167 0.0833333
0 0.819792 0.487037 0.0916667 0.125926
0 0.765104 0.762963 0.134375 0.22963
0 0.264062 0.573148 0.113542 0.168519
0 0.422917 0.525926 0.0895833 0.151852
