0 0.732813 0.122222 0.0385417 0.0407407
0 0.861458 0.126852 0.0583333 0.0611111
0 0.880208 0.230556 0.0895833 0.0648148
0 0.294792 0.106481 0.0291667 0.0351852
0 0.583854 0.162963 0.0510417 0.0518519
0 0.505208 0.0722222 0.0708333 0.0407407
0 0.813021 0.12963 0.0572917 0.0666667
0 0.144792 0.130556 0.0291667 0.0351852
0 0.544792 0.150926 0.0666667 0.0574074
0 0.0192708 0.124074 0.021875 0.0296296
0 0.969792 0.137037 0.0541667 0.0740741
0 0.0375 0.175 0.0291667 0.0425926
0 0.743229 0.198148 0.0885417 0.0703704
0 0.0479167 0.237037 0.0458333 0.0666667
0 0.311458 0.24537 0.0708333 0.0759259
0 0.150521 0.242593 0.053125 0.0740741
0 0.49375 0.280556 0.104167 0.101852
0 0.491667 0.768519 0.25625 0.362963
