0 0.0114583 0.0972222 0.0229167 0.05
0 0.01875 0.037963 0.0208333 0.0314815
0 0.384375 0.121296 0.0604167 0.0685185
0 0.0661458 0.111111 0.0364583 0.0518519
0 0.185937 0.252778 0.0677083 0.116667
0 0.534375 0.147222 0.0625 0.0796296
0 0.0619792 0.187963 0.0510417 0.0722222
0 0.119792 0.150926 0.0458333 0.0574074
0 0.0109375 0.287963 0.021875 0.0907407
0 0.285937 0.224074 0.065625 0.0888889
0 0.638542 0.240741 0.0958333 0.1
0 0.7375 0.188889 0.0833333 0.0740741
0 0.805729 0.367593 0.138542 0.112963
0 0.678125 0.784259 0.241667 0.338889
