0 0.8625 0.323148 0.0375 0.0537037
0 0.827083 0.287963 0.0291667 0.0425926
0 0.517187 0.203704 0.0364583 0.0296296
0 0.538542 0.182407 0.0145833 0.0277778
0 0.566667 0.167593 0.0208333 0.0351852
0 0.526563 0.20463 0.0197917 0.0277778
0 0.895312 0.337037 0.0510417 0.0555556
0 0.331771 0.275 0.028125 0.0388889
0 0.009375 0.885185 0.01875 0.133333
0 0.0348958 0.449074 0.0677083 0.0981481
0 0.508854 0.206481 0.0177083 0.0277778
0 0.968229 0.390741 0.0635417 0.0777778
0 0.650521 0.228704 0.0239583 0.0314815
0 0.235417 0.346296 0.0541667 0.062963
0 0.926562 0.361111 0.0572917 0.062963
