0 0.364062 0.105556 0.034375 0.0518519
0 0.673437 0.012037 0.015625 0.0240741
0 0.296875 0.17037 0.0625 0.062963
0 0.348437 0.127778 0.0364583 0.0555556
0 0.330208 0.144444 0.04375 0.0518519
0 0.234896 0.244444 0.0510417 0.0851852
0 0.710417 0.0342593 0.0270833 0.0462963
0 0.690104 0.0231481 0.0260417 0.0388889
0 0.983333 0.325 0.0333333 0.112963
0 0.991146 0.449074 0.0177083 0.0759259
0 0.215625 0.276852 0.0666667 0.0944444
0 0.781771 0.0657407 0.0364583 0.05
0 0.752604 0.0842593 0.034375 0.0537037
0 0.707812 0.0824074 0.034375 0.05
0 0.173958 0.323148 0.0833333 0.109259
0 0.0734375 0.435185 0.090625 0.137037
0 0.0348958 0.507407 0.0697917 0.174074
0 0.845312 0.168519 0.059375 0.0777778
0 0.123958 0.375926 0.0895833 0.122222
