0 0.820312 0.372222 0.0510417 0.0592593
0 0.768229 0.337963 0.0364583 0.0351852
0 0.308854 0.296296 0.021875 0.0444444
0 0.779167 0.378704 0.0270833 0.0462963
0 0.847396 0.925926 0.0697917 0.144444
0 0.899479 0.426852 0.0822917 0.0796296
0 0.854167 0.402778 0.05625 0.0537037
0 0.296354 0.309259 0.0364583 0.0444444
0 0.580208 0.262963 0.025 0.0259259
0 0.269792 0.328704 0.0375 0.0462963
0 0.976042 0.506481 0.0479167 0.0685185
0 0.115625 0.435185 0.08125 0.0888889
0 0.944271 0.471296 0.0927083 0.087037
0 0.985937 0.55463 0.028125 0.0833333
0 0.635417 0.413889 0.0520833 0.0722222
0 0.244271 0.346296 0.040625 0.0518519
0 0.0130208 0.536111 0.0260417 0.0833333
0 0.213542 0.367593 0.05 0.0537037
