0 0.855729 0.148148 0.0572917 0.0555556
0 0.260938 0.192593 0.0260417 0.0555556
0 0.940104 0.197222 0.0614583 0.0648148
0 0.990625 0.249074 0.01875 0.05
0 0.605208 0.062037 0.0166667 0.0314815
0 0.303646 0.155556 0.0302083 0.0407407
0 0.310937 0.15 0.021875 0.0407407
0 0.630729 0.0805556 0.021875 0.0314815
0 0.951042 0.151852 0.0729167 0.062963
0 0.623438 0.121296 0.028125 0.0425926
0 0.238021 0.20463 0.046875 0.0537037
0 0.270312 0.181481 0.0385417 0.0518519
0 0.295312 0.162963 0.0260417 0.0444444
0 0.971354 0.217593 0.0572917 0.0722222
0 0.279687 0.173148 0.028125 0.0425926
0 0.704687 0.189815 0.0385417 0.0611111
0 0.065625 0.35463 0.0333333 0.0796296
0 0.200521 0.224074 0.046875 0.062963
0 0.0932292 0.321296 0.065625 0.087037
0 0.127083 0.290741 0.0520833 0.0740741
0 0.157813 0.214815 0.0489583 0.062963
0 0.620833 0.312963 0.0583333 0.0888889
0 0.704167 0.44537 0.0916667 0.131481
0 0.834896 0.668519 0.140625 0.218519
