0 0.747396 0.0898148 0.028125 0.05
0 0.355208 0.15 0.0375 0.0518519
0 0.773438 0.107407 0.0364583 0.062963
0 0.332812 0.197222 0.059375 0.0685185
0 0.244792 0.189815 0.05 0.0685185
0 0.608854 0.0722222 0.0260417 0.0407407
0 0.563021 0.0935185 0.028125 0.0462963
0 0.823438 0.153704 0.0489583 0.0592593
0 0.24375 0.267593 0.0520833 0.087037
0 0.753125 0.15 0.04375 0.0703704
0 0.868229 0.197222 0.053125 0.0759259
0 0.63125 0.118519 0.0333333 0.0518519
0 0.222396 0.299074 0.0697917 0.0944444
0 0.601562 0.174074 0.0427083 0.0666667
0 0.129688 0.4 0.090625 0.122222
0 0.08125 0.461111 0.0875 0.133333
0 0.0375 0.530556 0.075 0.172222
0 0.833333 0.256481 0.0770833 0.12037
0 0.18125 0.347222 0.08125 0.112963
0 0.513021 0.19537 0.065625 0.0759259
