0 0.341667 0.115741 0.0416667 0.0388889
0 0.00989583 0.218519 0.0197917 0.0444444
0 0.204688 0.162037 0.040625 0.0388889
0 0.371875 0.0990741 0.0416667 0.0425926
0 0.413021 0.0833333 0.0322917 0.0296296
0 0.160938 0.168519 0.053125 0.0518519
0 0.734375 0.0425926 0.04375 0.0481481
0 0.096875 0.211111 0.0708333 0.0518519
0 0.497396 0.228704 0.0635417 0.0611111
0 0.0364583 0.223148 0.0645833 0.0611111
0 0.360417 0.378704 0.0895833 0.0796296
0 0.904167 0.213889 0.0833333 0.0981481
0 0.541667 0.537037 0.158333 0.166667
0 0.844792 0.431481 0.122917 0.140741
0 0.757812 0.327778 0.109375 0.118519
