0 0.564062 0.244444 0.0197917 0.0296296
0 0.766667 0.328704 0.0354167 0.0425926
0 0.639063 0.327778 0.0385417 0.0666667
0 0.821875 0.368519 0.0395833 0.0518519
0 0.953125 0.498148 0.0895833 0.107407
0 0.460417 0.264815 0.0270833 0.0555556
0 0.464063 0.319444 0.0322917 0.0685185
0 0.267188 0.313889 0.0364583 0.0425926
0 0.542708 0.237037 0.0270833 0.0555556
0 0.6 0.264815 0.0291667 0.0555556
0 0.291667 0.293519 0.0333333 0.0462963
0 0.941146 0.467593 0.0885417 0.101852
0 0.848958 0.389815 0.0520833 0.0537037
0 0.565625 0.275926 0.0208333 0.0407407
0 0.895833 0.418519 0.08125 0.0851852
0 0.423438 0.3 0.0260417 0.0481481
0 0.240625 0.332407 0.0395833 0.0537037
0 0.00989583 0.519444 0.0197917 0.0722222
0 0.111979 0.423148 0.0802083 0.0944444
0 0.352083 0.389815 0.0541667 0.0722222
0 0.973958 0.510185 0.0520833 0.0981481
0 0.209896 0.353704 0.0510417 0.0555556
0 0.410417 0.466667 0.0625 0.1
