0 0.708333 0.012037 0.0208333 0.0240741
0 0.321354 0.157407 0.040625 0.062963
0 0.23125 0.174074 0.0416667 0.062963
0 0.990625 0.0925926 0.01875 0.0518519
0 0.341146 0.139815 0.0385417 0.0574074
0 0.603646 0.0342593 0.0260417 0.0388889
0 0.286979 0.178704 0.0635417 0.0648148
0 0.573958 0.0481481 0.0333333 0.0444444
0 0.734896 0.0416667 0.0302083 0.0462963
0 0.230729 0.251852 0.053125 0.0814815
0 0.574479 0.0981481 0.034375 0.062963
0 0.208854 0.286111 0.0677083 0.0944444
0 0.644792 0.152778 0.0458333 0.0685185
0 0.0677083 0.447222 0.0916667 0.131481
0 0.168229 0.332407 0.0802083 0.112963
0 0.45 0.217593 0.0916667 0.105556
0 0.117708 0.384259 0.09375 0.124074
0 0.0322917 0.518519 0.0645833 0.177778
0 0.523958 0.348148 0.0895833 0.162963
0 0.672396 0.538889 0.113542 0.196296
