0 0.0130208 0.311111 0.0260417 0.0814815
0 0.379687 0.037963 0.0364583 0.0425926
0 0.316667 0.0851852 0.0645833 0.0481481
0 0.209375 0.237037 0.0916667 0.114815
0 0.368229 0.0527778 0.028125 0.0462963
0 0.983333 0.0148148 0.0333333 0.0296296
0 0.9875 0.0759259 0.025 0.0518519
0 0.882292 0.0212963 0.0416667 0.0425926
0 0.94375 0.0185185 0.04375 0.037037
0 0.292188 0.144444 0.0489583 0.0666667
0 0.439583 0.0185185 0.025 0.0333333
0 0.2625 0.174074 0.0604167 0.0740741
0 0.966146 0.0592593 0.053125 0.0592593
0 0.19375 0.262963 0.0666667 0.1
0 0.227604 0.218519 0.065625 0.0888889
0 0.0354167 0.488889 0.0708333 0.181481
0 0.14375 0.313889 0.0958333 0.124074
