0 0.986458 0.101852 0.0270833 0.0592593
0 0.705208 0.0564815 0.0333333 0.0462963
0 0.0317708 0.312037 0.0635417 0.116667
0 0.982813 0.0351852 0.034375 0.0407407
0 0.968229 0.0861111 0.0572917 0.0648148
0 0.423438 0.113889 0.0802083 0.0574074
0 0.591146 0.0907407 0.034375 0.0592593
0 0.941667 0.037963 0.0416667 0.0425926
0 0.292188 0.162963 0.0489583 0.0666667
0 0.580208 0.132407 0.0416667 0.0722222
0 0.661979 0.158333 0.0572917 0.101852
0 0.2625 0.196296 0.0583333 0.0777778
0 0.194271 0.275 0.065625 0.0833333
0 0.827083 0.181481 0.0666667 0.0814815
0 0.229167 0.237037 0.0645833 0.0851852
0 0.924479 0.844444 0.148958 0.303704
0 0.0369792 0.510185 0.0739583 0.183333
0 0.695312 0.257407 0.071875 0.107407
0 0.143229 0.335185 0.096875 0.125926
0 0.604688 0.252778 0.0635417 0.101852
0 0.69375 0.912037 0.170833 0.172222
0 0.647917 0.480556 0.116667 0.190741
