0 0.914062 0.0712963 0.0197917 0.0388889
0 0.00989583 0.101852 0.0197917 0.0296296
0 0.704687 0.316667 0.0697917 0.103704
0 0.0770833 0.0953704 0.0875 0.0425926
0 0.808333 0.0842593 0.0229167 0.0351852
0 0.729688 0.108333 0.021875 0.0240741
0 0.833333 0.164815 0.0291667 0.0407407
0 0.705208 0.161111 0.0333333 0.037037
0 0.615625 0.165741 0.03125 0.0425926
0 0.879687 0.17037 0.028125 0.0407407
0 0.0140625 0.571296 0.028125 0.105556
0 0.978646 0.494444 0.0427083 0.118519
0 0.868229 0.35463 0.059375 0.0907407
0 0.546875 0.22963 0.0479167 0.0518519
0 0.603125 0.268519 0.0583333 0.0666667
