0 0.364583 0.148148 0.0375 0.0555556
0 0.552604 0.0111111 0.021875 0.0222222
0 0.570312 0.0361111 0.0177083 0.0351852
0 0.332292 0.183333 0.0395833 0.0592593
0 0.239063 0.197222 0.0427083 0.0722222
0 0.306771 0.201852 0.0447917 0.062963
0 0.354167 0.161111 0.0416667 0.0592593
0 0.589063 0.0185185 0.015625 0.0259259
0 0.769271 0.122222 0.040625 0.0518519
0 0.728646 0.0833333 0.0322917 0.0481481
0 0.757292 0.0703704 0.03125 0.0444444
0 0.242188 0.276852 0.0510417 0.0907407
0 0.699479 0.062037 0.0302083 0.0388889
0 0.845312 0.141667 0.0447917 0.0611111
0 0.797917 0.163889 0.0479167 0.0722222
0 0.883854 0.22037 0.0739583 0.1
0 0.219792 0.309259 0.06875 0.0962963
0 0.568229 0.143519 0.0364583 0.0574074
0 0.570833 0.0851852 0.025 0.0444444
0 0.64375 0.143519 0.0375 0.0574074
0 0.0791667 0.469444 0.0895833 0.131481
0 0.127604 0.405556 0.090625 0.125926
0 0.965104 0.487037 0.0697917 0.192593
0 0.0364583 0.537037 0.0729167 0.17037
0 0.179688 0.355556 0.0802083 0.111111
0 0.723958 0.644444 0.13125 0.233333
