0 0.721875 0.107407 0.0208333 0.0259259
0 0.539583 0.0842593 0.01875 0.0240741
0 0.672396 0.0990741 0.021875 0.0277778
0 0.648438 0.109259 0.021875 0.0296296
0 0.696875 0.12037 0.025 0.0296296
0 0.744792 0.128704 0.0270833 0.0351852
0 0.790625 0.17963 0.0375 0.0481481
0 0.614062 0.100926 0.0197917 0.0388889
0 0.488542 0.137963 0.025 0.0425926
0 0.710417 0.157407 0.0270833 0.0407407
0 0.0364583 0.0388889 0.0583333 0.0333333
0 0.507292 0.109259 0.0229167 0.0333333
0 0.442187 0.107407 0.0177083 0.0259259
0 0.536458 0.123148 0.0208333 0.0351852
0 0.775 0.237037 0.0458333 0.0555556
0 0.433333 0.163889 0.0291667 0.0425926
0 0.636979 0.219444 0.040625 0.0648148
0 0.903646 0.274074 0.059375 0.0666667
0 0.504687 0.242593 0.040625 0.0777778
0 0.521875 0.173148 0.0291667 0.0462963
0 0.439063 0.237963 0.040625 0.0611111
0 0.885417 0.375926 0.0854167 0.111111
0 0.372917 0.27037 0.0458333 0.0666667
0 0.982813 0.625 0.034375 0.131481
0 0.805208 0.424074 0.0833333 0.122222
0 0.685417 0.401852 0.0666667 0.0962963
