0 0.25 0.322222 0.0479167 0.0592593
0 0.873438 0.327778 0.0427083 0.0555556
0 0.475 0.243519 0.0229167 0.0314815
0 0.977604 0.268519 0.0447917 0.037037
0 0.832812 0.319444 0.0822917 0.0759259
0 0.28125 0.27963 0.0395833 0.0666667
0 0.514583 0.24537 0.0291667 0.0314815
0 0.335938 0.246296 0.0427083 0.0518519
0 0.435417 0.259259 0.03125 0.0407407
0 0.469792 0.292593 0.0333333 0.0518519
0 0.371875 0.402778 0.0604167 0.0907407
0 0.427083 0.483333 0.0708333 0.118519
0 0.255729 0.819444 0.159375 0.272222
