0 0.578646 0.0111111 0.0177083 0.0222222
0 0.386979 0.15 0.0510417 0.0740741
0 0.602083 0.0259259 0.0291667 0.0518519
0 0.567708 0.0833333 0.0333333 0.0481481
0 0.466667 0.105556 0.0333333 0.0518519
0 0.891146 0.127778 0.053125 0.0777778
0 0.135417 0.166667 0.0625 0.0666667
0 0.351042 0.173148 0.075 0.0722222
0 0.647917 0.15 0.0458333 0.0666667
0 0.0489583 0.162963 0.0416667 0.0666667
0 0.660937 0.196296 0.0552083 0.0740741
0 0.584375 0.15 0.04375 0.0777778
0 0.981771 0.205556 0.0364583 0.107407
0 0.0192708 0.252778 0.0385417 0.0907407
0 0.280208 0.197222 0.0770833 0.0981481
0 0.660417 0.294444 0.0916667 0.12963
0 0.769271 0.171296 0.0739583 0.0759259
0 0.961979 0.147222 0.0760417 0.0648148
0 0.0557292 0.30463 0.0802083 0.105556
0 0.460417 0.238889 0.0583333 0.0925926
0 0.628646 0.5 0.103125 0.17037
