0 0.298438 0.236111 0.053125 0.0611111
0 0.895312 0.112037 0.021875 0.0462963
0 0.327604 0.216667 0.0364583 0.0555556
0 0.744792 0.0990741 0.0291667 0.0425926
0 0.234896 0.230556 0.0427083 0.0648148
0 0.364583 0.169444 0.0333333 0.05
0 0.715625 0.075 0.0208333 0.0314815
0 0.345833 0.198148 0.0333333 0.0555556
0 0.542708 0.0768519 0.01875 0.0314815
0 0.568229 0.109259 0.0260417 0.0407407
0 0.238021 0.30463 0.0489583 0.0796296
0 0.583333 0.087037 0.0229167 0.0333333
0 0.571875 0.159259 0.0354167 0.0518519
0 0.630729 0.47037 0.084375 0.203704
0 0.61875 0.135185 0.03125 0.0444444
0 0.0723958 0.490741 0.0927083 0.107407
0 0.215625 0.341667 0.0666667 0.0981481
0 0.034375 0.572222 0.0666667 0.174074
0 0.56875 0.283333 0.0583333 0.0888889
0 0.657292 0.22963 0.0479167 0.0777778
0 0.122396 0.438889 0.090625 0.122222
0 0.173438 0.386111 0.084375 0.112963
