0 0.704687 0.0703704 0.028125 0.037037
0 0.316667 0.109259 0.0375 0.0481481
0 0.689583 0.0287037 0.0208333 0.0388889
0 0.670313 0.0351852 0.0239583 0.0518519
0 0.992188 0.138889 0.015625 0.037037
0 0.580729 0.0111111 0.0177083 0.0185185
0 0.557292 0.0259259 0.01875 0.0333333
0 0.0375 0.308333 0.075 0.087037
0 0.893229 0.0787037 0.040625 0.0462963
0 0.621875 0.0166667 0.01875 0.0296296
0 0.305208 0.188889 0.0520833 0.062963
0 0.647396 0.0194444 0.021875 0.0314815
0 0.407292 0.134259 0.0916667 0.0685185
0 0.595833 0.0527778 0.0229167 0.0425926
0 0.485417 0.122222 0.0541667 0.0555556
0 0.743229 0.101852 0.0364583 0.0592593
0 0.614062 0.0787037 0.028125 0.05
0 0.69375 0.109259 0.0375 0.0518519
0 0.273958 0.224074 0.0625 0.0777778
0 0.988021 0.0712963 0.0239583 0.0425926
0 0.238542 0.260185 0.0645833 0.087037
0 0.203125 0.305556 0.0645833 0.0962963
0 0.952604 0.0740741 0.0427083 0.0444444
0 0.548437 0.323148 0.0739583 0.135185
0 0.0401042 0.527778 0.0802083 0.188889
0 0.975 0.117593 0.05 0.0537037
0 0.694792 0.869444 0.166667 0.257407
0 0.153125 0.356481 0.0958333 0.124074
