0 0.706771 0.133333 0.0239583 0.0296296
0 0.00989583 0.103704 0.0197917 0.0296296
0 0.714063 0.163889 0.028125 0.0314815
0 0.561979 0.20463 0.034375 0.0388889
0 0.08125 0.0962963 0.0875 0.037037
0 0.470833 0.280556 0.0604167 0.0537037
0 0.945833 0.0925926 0.0166667 0.0222222
0 0.590104 0.232407 0.0572917 0.0611111
0 0.684375 0.205556 0.0416667 0.0444444
0 0.905729 0.105556 0.015625 0.0222222
0 0.813021 0.19537 0.0364583 0.05
0 0.965104 0.119444 0.0239583 0.0425926
0 0.440104 0.271296 0.0635417 0.0574074
0 0.858333 0.210185 0.0375 0.0537037
0 0.582812 0.287037 0.0697917 0.0851852
0 0.692708 0.356481 0.0666667 0.0833333
0 0.772917 0.384259 0.0645833 0.0944444
0 0.31875 0.511111 0.135417 0.133333
0 0.480729 0.316667 0.071875 0.0777778
0 0.128125 0.488889 0.129167 0.159259
0 0.209896 0.512963 0.134375 0.137037
