0 0.54375 0.0907407 0.03125 0.0777778
0 0.340625 0.15463 0.0375 0.0611111
0 0.6 0.0583333 0.0354167 0.0462963
0 0.246354 0.242593 0.059375 0.103704
0 0.746354 0.062963 0.0322917 0.0444444
0 0.8 0.124074 0.04375 0.0592593
0 0.805208 0.0675926 0.0375 0.0574074
0 0.642708 0.0814815 0.0333333 0.0518519
0 0.217187 0.436111 0.0697917 0.0722222
0 0.5625 0.153704 0.0416667 0.0666667
0 0.661979 0.132407 0.0447917 0.0685185
0 0.228125 0.281481 0.0666667 0.0962963
0 0.0864583 0.434259 0.0895833 0.12037
0 0.6 0.110185 0.0354167 0.0574074
0 0.857292 0.191667 0.0645833 0.0796296
0 0.040625 0.509259 0.08125 0.166667
0 0.188021 0.328704 0.0802083 0.112963
0 0.138021 0.380556 0.0885417 0.124074
0 0.968229 0.3 0.0635417 0.111111
0 0.08125 0.599074 0.14375 0.205556
0 0.643229 0.474074 0.109375 0.166667
