0 0.988021 0.210185 0.0239583 0.0537037
0 0.483854 0.0722222 0.0260417 0.037037
0 0.647396 0.137037 0.0364583 0.0481481
0 0.935938 0.162037 0.0614583 0.0611111
0 0.521354 0.0564815 0.0239583 0.0388889
0 0.585417 0.118519 0.03125 0.0481481
0 0.453646 0.158333 0.0385417 0.0611111
0 0.513021 0.14537 0.0385417 0.0648148
0 0.659896 0.181481 0.0447917 0.0777778
0 0.377083 0.177778 0.0625 0.062963
0 0.0802083 0.287037 0.0645833 0.0851852
0 0.324479 0.225 0.053125 0.0759259
0 0.140104 0.286111 0.078125 0.127778
0 0.968229 0.186111 0.0635417 0.0648148
0 0.370313 0.337037 0.078125 0.151852
0 0.603646 0.215741 0.0552083 0.0944444
0 0.746354 0.219444 0.0572917 0.0796296
0 0.50625 0.251852 0.0520833 0.0851852
0 0.822396 0.925 0.190625 0.142593
0 0.622917 0.32037 0.0645833 0.103704
0 0.165625 0.587963 0.141667 0.190741
0 0.738542 0.322222 0.075 0.107407
0 0.943229 0.468519 0.113542 0.159259
0 0.440625 0.607407 0.116667 0.218519
0 0.826042 0.536111 0.133333 0.194444
