0 0.607813 0.111111 0.0197917 0.0333333
0 0.495313 0.136111 0.021875 0.0351852
0 0.539062 0.116667 0.0239583 0.037037
0 0.428125 0.17037 0.0270833 0.0407407
0 0.476562 0.177778 0.0302083 0.0555556
0 0.761979 0.215741 0.040625 0.0574074
0 0.509375 0.223148 0.0333333 0.0574074
0 0.633333 0.201852 0.0333333 0.0703704
0 0.817187 0.913889 0.155208 0.168519
0 0.435937 0.25463 0.040625 0.0611111
0 0.217187 0.45 0.090625 0.125926
0 0.698958 0.218519 0.0375 0.0555556
0 0.719271 0.300926 0.0614583 0.105556
0 0.296875 0.328704 0.05625 0.0759259
0 0.0546875 0.951852 0.109375 0.0888889
0 0.488542 0.3 0.0541667 0.0925926
0 0.0776042 0.487037 0.0989583 0.155556
0 0.821875 0.503704 0.0916667 0.122222
0 0.320833 0.526852 0.0875 0.135185
0 0.442187 0.496296 0.0802083 0.12963
