0 0.0510417 0.392593 0.0479167 0.0444444
0 0.817708 0.387963 0.0458333 0.0537037
0 0.460417 0.251852 0.01875 0.0296296
0 0.765104 0.348148 0.0322917 0.0407407
0 0.958333 0.506481 0.0791667 0.0944444
0 0.476562 0.238889 0.0135417 0.0222222
0 0.293229 0.313889 0.034375 0.0425926
0 0.850521 0.410185 0.0572917 0.0537037
0 0.895833 0.436111 0.08125 0.0833333
0 0.267188 0.333333 0.0364583 0.0444444
0 0.109896 0.441667 0.084375 0.0907407
0 0.0104167 0.537963 0.0208333 0.0722222
0 0.241146 0.35463 0.0385417 0.05
0 0.597917 0.266667 0.01875 0.037037
0 0.461458 0.287963 0.0208333 0.0351852
0 0.941667 0.477778 0.0875 0.0814815
0 0.426042 0.37963 0.0416667 0.0666667
0 0.974479 0.527778 0.0510417 0.0962963
0 0.209375 0.373148 0.05 0.0537037
