0 0.36875 0.119444 0.0458333 0.0611111
0 0.804688 0.0527778 0.0364583 0.0462963
0 0.253125 0.228704 0.0583333 0.087037
0 0.597917 0.0777778 0.03125 0.0555556
0 0.767708 0.111111 0.0416667 0.0666667
0 0.659896 0.115741 0.0385417 0.0648148
0 0.9125 0.187963 0.0666667 0.0796296
0 0.189063 0.312963 0.0802083 0.111111
0 0.233333 0.269444 0.0708333 0.0944444
0 0.618229 0.181481 0.0510417 0.0814815
0 0.841667 0.147222 0.0583333 0.0722222
0 0.0927083 0.428704 0.0895833 0.135185
0 0.835938 0.225926 0.0697917 0.0888889
0 0.141667 0.366667 0.0895833 0.122222
0 0.609896 0.323148 0.071875 0.168519
0 0.04375 0.5 0.0854167 0.17037
0 0.015625 0.733333 0.03125 0.162963
0 0.730208 0.318519 0.0854167 0.12963
0 0.534375 0.276852 0.06875 0.105556
0 0.653125 0.532407 0.122917 0.205556
