0 0.0895833 0.848148 0.177083 0.296296
0 0.191146 0.187037 0.0322917 0.0518519
0 0.109896 0.232407 0.0302083 0.0462963
0 0.238021 0.260185 0.0447917 0.0611111
0 0.721875 0.325926 0.10625 0.0925926
0 0.171354 0.253704 0.0385417 0.0555556
0 0.924479 0.55 0.151042 0.196296
0 0.926042 0.392593 0.147917 0.140741
0 0.757812 0.466667 0.157292 0.140741
0 0.285937 0.349074 0.078125 0.101852
0 0.955208 0.721296 0.0895833 0.157407
0 0.597917 0.385185 0.120833 0.111111
0 0.815625 0.583333 0.177083 0.222222
0 0.344792 0.402778 0.0770833 0.105556
0 0.63125 0.506481 0.166667 0.146296
0 0.600521 0.818519 0.257292 0.351852
0 0.419792 0.466667 0.1125 0.133333
0 0.575521 0.584259 0.159375 0.175926
0 0.809375 0.759259 0.28125 0.348148
