0 0.242188 0.198148 0.0489583 0.0740741
0 0.363021 0.149074 0.040625 0.0574074
0 0.75625 0.0685185 0.03125 0.0444444
0 0.569792 0.0342593 0.01875 0.0351852
0 0.33125 0.183333 0.0395833 0.0592593
0 0.589063 0.0194444 0.015625 0.0277778
0 0.353125 0.162963 0.0395833 0.0592593
0 0.301562 0.202778 0.0572917 0.0611111
0 0.241667 0.276852 0.05 0.0907407
0 0.726042 0.0814815 0.03125 0.0444444
0 0.698958 0.0601852 0.0291667 0.0388889
0 0.764583 0.114815 0.0375 0.0518519
0 0.834896 0.131481 0.040625 0.0555556
0 0.868229 0.203704 0.0697917 0.1
0 0.569792 0.0898148 0.0270833 0.05
0 0.21875 0.309259 0.0666667 0.0962963
0 0.792188 0.155556 0.0447917 0.0703704
0 0.569792 0.155556 0.0375 0.0592593
0 0.983333 0.323148 0.0333333 0.0759259
0 0.646875 0.150926 0.0375 0.0611111
0 0.078125 0.469444 0.0895833 0.131481
0 0.948958 0.425 0.102083 0.157407
0 0.127083 0.406481 0.0916667 0.124074
0 0.0364583 0.539815 0.0729167 0.175926
0 0.179688 0.355556 0.0802083 0.111111
0 0.771354 0.816667 0.167708 0.311111
