0 0.631771 0.0990741 0.0447917 0.109259
0 0.263542 0.184259 0.0291667 0.0537037
0 0.0651042 0.264815 0.0552083 0.0703704
0 0.661458 0.0898148 0.0229167 0.05
0 0.283333 0.163889 0.03125 0.0462963
0 0.498437 0.0962963 0.0260417 0.037037
0 0.584375 0.115741 0.03125 0.0722222
0 0.70625 0.223148 0.0520833 0.0944444
0 0.992188 0.236111 0.015625 0.0425926
0 0.864583 0.141667 0.05 0.0574074
0 0.128646 0.264815 0.0572917 0.0555556
0 0.240104 0.191667 0.0385417 0.0537037
0 0.955729 0.142593 0.0739583 0.0592593
0 0.328646 0.165741 0.0302083 0.05
0 0.206771 0.214815 0.0572917 0.062963
0 0.0682292 0.341667 0.034375 0.0759259
0 0.946354 0.185185 0.059375 0.062963
0 0.533854 0.112037 0.0260417 0.0425926
0 0.459896 0.132407 0.0322917 0.05
0 0.160938 0.202778 0.0489583 0.0574074
0 0.51875 0.15 0.03125 0.0518519
0 0.335938 0.234259 0.0447917 0.0759259
0 0.408333 0.208333 0.04375 0.0611111
0 0.972917 0.205556 0.0541667 0.0666667
0 0.710938 0.260185 0.0635417 0.101852
0 0.649479 0.148148 0.0364583 0.0555556
0 0.452604 0.22037 0.0447917 0.0703704
0 0.0958333 0.308333 0.06875 0.087037
0 0.493229 0.364815 0.0802083 0.151852
0 0.778646 0.37037 0.0802083 0.114815
0 0.939583 0.855556 0.120833 0.277778
