0 0.561458 0.0175926 0.0208333 0.0351852
0 0.318229 0.158333 0.0447917 0.0611111
0 0.595833 0.0796296 0.0375 0.0703704
0 0.572396 0.0546296 0.0260417 0.0462963
0 0.74375 0.103704 0.04375 0.062963
0 0.846875 0.0851852 0.0458333 0.0555556
0 0.254167 0.227778 0.0541667 0.0777778
0 0.792708 0.0842593 0.0375 0.0537037
0 0.536979 0.0824074 0.0322917 0.0537037
0 0.258333 0.147222 0.0541667 0.0611111
0 0.635938 0.0398148 0.0302083 0.05
0 0.672396 0.12037 0.0427083 0.0666667
0 0.619271 0.148148 0.0447917 0.0592593
0 0.622396 0.224074 0.0552083 0.107407
0 0.879687 0.160185 0.0677083 0.0981481
0 0.228125 0.266667 0.0604167 0.0962963
0 0.0911458 0.424074 0.0885417 0.133333
0 0.192188 0.312037 0.084375 0.109259
0 0.509896 0.2 0.0677083 0.0666667
0 0.0432292 0.497222 0.0864583 0.172222
0 0.141146 0.362037 0.0927083 0.12037
0 0.967708 0.268519 0.0645833 0.107407
0 0.0161458 0.72963 0.0322917 0.162963
0 0.863021 0.857407 0.171875 0.281481
0 0.620833 0.347222 0.0833333 0.131481
0 0.676042 0.607407 0.129167 0.233333
