0 0.732813 0.0842593 0.021875 0.0314815
0 0.95 0.0509259 0.0166667 0.0425926
0 0.823438 0.087037 0.0239583 0.0444444
0 0.908333 0.0953704 0.025 0.0351852
0 0.871354 0.0833333 0.021875 0.0333333
0 0.947917 0.0990741 0.0229167 0.0351852
0 0.9125 0.141667 0.03125 0.0462963
0 0.538021 0.153704 0.0427083 0.0518519
0 0.555208 0.25463 0.0625 0.0759259
0 0.838021 0.378704 0.0697917 0.124074
0 0.407292 0.676852 0.189583 0.246296
0 0.80625 0.212963 0.0458333 0.062963
0 0.492708 0.251852 0.075 0.0703704
0 0.404167 0.323148 0.0833333 0.0907407
0 0.638021 0.356481 0.078125 0.0944444
0 0.301042 0.306481 0.09375 0.0833333
0 0.166146 0.607407 0.169792 0.188889
0 0.226562 0.406481 0.117708 0.116667
0 0.684375 0.448148 0.0916667 0.122222
