0 0.59375 0.127778 0.0229167 0.037037
0 0.191146 0.333333 0.105208 0.0925926
0 0.5625 0.0953704 0.0208333 0.0314815
0 0.265104 0.228704 0.0427083 0.0574074
0 0.152604 0.375 0.0385417 0.0944444
0 0.23125 0.312963 0.04375 0.0703704
0 0.947396 0.153704 0.040625 0.0481481
0 0.317708 0.235185 0.06875 0.062963
0 0.245312 0.3 0.059375 0.0740741
0 0.69375 0.087963 0.0166667 0.0314815
0 0.01875 0.5 0.0375 0.0777778
0 0.629167 0.143519 0.0270833 0.0425926
0 0.567708 0.205556 0.0375 0.0592593
0 0.969271 0.169444 0.0489583 0.0537037
0 0.463021 0.718518 0.138542 0.344444
0 0.554167 0.136111 0.0229167 0.0388889
0 0.582812 0.162037 0.0364583 0.0611111
0 0.370833 0.237037 0.0520833 0.0555556
0 0.0546875 0.453704 0.0822917 0.0888889
0 0.573438 0.249074 0.0447917 0.0722222
0 0.314583 0.297222 0.0458333 0.0796296
0 0.111458 0.413889 0.0854167 0.101852
0 0.435937 0.283333 0.090625 0.0740741
0 0.467708 0.426852 0.0770833 0.131481
