0 0.0119792 0.112037 0.0239583 0.0351852
0 0.740104 0.156481 0.0260417 0.0314815
0 0.645312 0.187963 0.028125 0.0388889
0 0.0744792 0.105556 0.096875 0.0444444
0 0.872917 0.15463 0.0229167 0.0351852
0 0.673958 0.19537 0.0375 0.0537037
0 0.961979 0.156481 0.021875 0.0351852
0 0.800521 0.221296 0.0364583 0.0537037
0 0.613542 0.286111 0.0541667 0.0648148
0 0.407813 0.333333 0.0739583 0.0740741
0 0.91875 0.183333 0.0270833 0.0481481
0 0.426042 0.350926 0.0791667 0.109259
0 0.857813 0.230556 0.034375 0.05
0 0.886458 0.358333 0.0458333 0.0796296
0 0.638542 0.440741 0.0875 0.103704
