0 0.529167 0.198148 0.01875 0.0185185
0 0.325521 0.268519 0.0260417 0.0407407
0 0.490104 0.201852 0.0114583 0.0222222
0 0.879167 0.331481 0.0375 0.0518519
0 0.50625 0.216667 0.01875 0.0259259
0 0.658333 0.267593 0.0333333 0.05
0 0.984896 0.403704 0.0302083 0.0666667
0 0.958333 0.381481 0.0625 0.0666667
0 0.916146 0.352778 0.0572917 0.0611111
0 0.688542 0.312963 0.0458333 0.062963
0 0.473437 0.293519 0.0322917 0.0537037
0 0.227604 0.340741 0.0510417 0.062963
0 0.609375 0.313889 0.0375 0.0611111
0 0.351042 0.700926 0.116667 0.209259
0 0.320312 0.556481 0.096875 0.142593
0 0.896354 0.797222 0.165625 0.227778
