0 0.219271 0.183333 0.0510417 0.0592593
0 0.835417 0.113889 0.0479167 0.05
0 0.591146 0.0212963 0.0260417 0.0425926
0 0.632292 0.0314815 0.0291667 0.0444444
0 0.875521 0.0972222 0.0447917 0.0611111
0 0.608854 0.0981481 0.040625 0.062963
0 0.760938 0.0694444 0.0385417 0.0537037
0 0.804167 0.0509259 0.0375 0.05
0 0.601042 0.165741 0.0479167 0.0981481
0 0.842188 0.158333 0.0614583 0.0759259
0 0.230729 0.256481 0.0677083 0.0833333
0 0.191146 0.305556 0.078125 0.111111
0 0.652083 0.146296 0.0583333 0.0777778
0 0.0916667 0.422222 0.0895833 0.133333
0 0.140104 0.358333 0.090625 0.124074
0 0.703125 0.666667 0.164583 0.348148
0 0.965104 0.264815 0.0697917 0.107407
0 0.0161458 0.724074 0.0322917 0.166667
0 0.04375 0.487963 0.0875 0.168519
0 0.617188 0.260185 0.0677083 0.109259
0 0.895833 0.300926 0.0916667 0.116667
0 0.776042 0.360185 0.0916667 0.138889
0 0.48125 0.19537 0.0833333 0.0833333
