0 0.481771 0.171296 0.028125 0.0425926
0 0.767187 0.167593 0.034375 0.0425926
0 0.403646 0.162963 0.0260417 0.037037
0 0.325 0.382407 0.141667 0.087037
0 0.625 0.15463 0.0291667 0.0425926
0 0.0359375 0.578704 0.071875 0.201852
0 0.681771 0.181481 0.034375 0.0481481
0 0.518229 0.20463 0.034375 0.0537037
0 0.633333 0.188889 0.0291667 0.0444444
0 0.416146 0.199074 0.0322917 0.0462963
0 0.707812 0.232407 0.040625 0.0574074
0 0.727604 0.172222 0.028125 0.0518519
0 0.459375 0.213889 0.0375 0.0685185
0 0.784375 0.232407 0.0458333 0.0574074
0 0.359896 0.27963 0.0510417 0.0703704
0 0.7375 0.289815 0.0479167 0.0759259
0 0.981771 0.559259 0.0364583 0.114815
0 0.382812 0.672222 0.0989583 0.233333
0 0.288021 0.368519 0.0635417 0.0925926
0 0.464583 0.389815 0.0625 0.0981481
0 0.839583 0.517593 0.0979167 0.138889
0 0.359896 0.408333 0.0677083 0.101852
