0 0.6125 0.156481 0.0229167 0.0314815
0 0.510417 0.119444 0.01875 0.0351852
0 0.482812 0.115741 0.015625 0.0314815
0 0.666667 0.164815 0.0270833 0.037037
0 0.719792 0.183333 0.0291667 0.0444444
0 0.45 0.168519 0.025 0.037037
0 0.542188 0.117593 0.021875 0.0351852
0 0.695833 0.216667 0.03125 0.0518519
0 0.623958 0.185185 0.0291667 0.0444444
0 0.654167 0.227778 0.0354167 0.0518519
0 0.402083 0.160185 0.0270833 0.0425926
0 0.766667 0.227778 0.0395833 0.0592593
0 0.532812 0.162037 0.0239583 0.0388889
0 0.902604 0.291667 0.0614583 0.0722222
0 0.415625 0.200926 0.03125 0.0537037
0 0.717188 0.253704 0.0385417 0.0592593
0 0.369271 0.20463 0.0302083 0.0462963
0 0.639583 0.284259 0.04375 0.0648148
0 0.974479 0.409259 0.0510417 0.0925926
0 0.880208 0.384259 0.0729167 0.116667
0 0.680208 0.412037 0.0625 0.105556
0 0.985937 0.901852 0.028125 0.148148
0 0.81875 0.468519 0.0833333 0.111111
0 0.344271 0.481481 0.0739583 0.118519
0 0.775 0.709259 0.114583 0.174074
