0 0.885938 0.0648148 0.053125 0.0333333
0 0.965104 0.232407 0.0697917 0.142593
0 0.931771 0.012963 0.034375 0.0259259
0 0.883854 0.0824074 0.0572917 0.0611111
0 0.976042 0.025 0.0479167 0.0462963
0 0.561979 0.275 0.107292 0.0796296
0 0.730208 0.0990741 0.05625 0.0574074
0 0.836458 0.0740741 0.0541667 0.0518519
0 0.722396 0.164815 0.078125 0.0777778
0 0.601562 0.163889 0.0802083 0.0722222
0 0.205729 0.465741 0.163542 0.157407
0 0.633854 0.598148 0.221875 0.237037
0 0.388021 0.638889 0.213542 0.203704
