0 0.665104 0.0916667 0.0197917 0.0277778
0 0.777604 0.311111 0.107292 0.0925926
0 0.641146 0.103704 0.0197917 0.0259259
0 0.729688 0.121296 0.0239583 0.0277778
0 0.429167 0.123148 0.0208333 0.0314815
0 0.710417 0.102778 0.01875 0.0240741
0 0.686458 0.109259 0.0208333 0.0296296
0 0.539062 0.0990741 0.0197917 0.0240741
0 0.608333 0.0944444 0.0166667 0.037037
0 0.477604 0.105556 0.0177083 0.037037
0 0.696354 0.142593 0.0260417 0.0333333
0 0.765104 0.157407 0.0322917 0.0407407
0 0.741667 0.199074 0.0375 0.05
0 0.479167 0.161111 0.0270833 0.0444444
0 0.483333 0.321296 0.0520833 0.101852
0 0.498437 0.12963 0.0239583 0.0333333
0 0.530208 0.146296 0.025 0.0481481
0 0.627604 0.187963 0.0364583 0.0537037
0 0.852604 0.22963 0.046875 0.0555556
0 0.511458 0.217593 0.0333333 0.0574074
0 0.409896 0.200926 0.0322917 0.05
0 0.80625 0.280556 0.0583333 0.0796296
0 0.323958 0.358333 0.0625 0.087037
0 0.663021 0.307407 0.0510417 0.0740741
0 0.408854 0.3 0.053125 0.0814815
0 0.755729 0.327778 0.0614583 0.0925926
0 0.90625 0.437963 0.0833333 0.105556
