0 0.757812 0.171296 0.021875 0.0277778
0 0.0114583 0.112963 0.0229167 0.0333333
0 0.889063 0.131481 0.0197917 0.0407407
0 0.763021 0.128704 0.0197917 0.0240741
0 0.623958 0.183333 0.0333333 0.037037
0 0.701563 0.182407 0.0322917 0.0388889
0 0.828646 0.187037 0.0302083 0.0444444
0 0.575 0.231481 0.0354167 0.0444444
0 0.0807292 0.107407 0.0885417 0.0407407
0 0.625 0.275926 0.05 0.0555556
0 0.963542 0.135185 0.01875 0.0296296
0 0.877604 0.189815 0.028125 0.0425926
0 0.780729 0.37963 0.0697917 0.118519
0 0.925 0.161111 0.0208333 0.0407407
0 0.604167 0.241667 0.0479167 0.0685185
0 0.909896 0.260185 0.034375 0.0574074
0 0.484896 0.392593 0.084375 0.0888889
0 0.728646 0.32037 0.0572917 0.0740741
0 0.121875 0.50463 0.122917 0.124074
0 0.202083 0.509259 0.11875 0.166667
0 0.424479 0.739815 0.173958 0.212963
