0 0.30625 0.17037 0.0770833 0.062963
0 0.364583 0.108333 0.0375 0.05
0 0.233854 0.173148 0.0427083 0.0685185
0 0.346875 0.134259 0.0395833 0.0537037
0 0.236458 0.239815 0.05 0.0685185
0 0.329688 0.147222 0.0427083 0.0537037
0 0.708333 0.012037 0.0208333 0.0240741
0 0.957292 0.0685185 0.0458333 0.0444444
0 0.500521 0.44537 0.096875 0.224074
0 0.585417 0.127778 0.0375 0.062963
0 0.215625 0.283333 0.06875 0.0962963
0 0.174479 0.317593 0.0822917 0.087037
0 0.600521 0.173148 0.046875 0.0759259
0 0.589063 0.244444 0.0635417 0.114815
0 0.0734375 0.446296 0.090625 0.133333
0 0.677083 0.183333 0.0520833 0.0814815
0 0.123438 0.382407 0.090625 0.127778
0 0.0348958 0.516667 0.0697917 0.177778
