0 0.893229 0.0518519 0.0239583 0.0407407
0 0.943229 0.0740741 0.0260417 0.0407407
0 0.93125 0.0675926 0.0333333 0.0425926
0 0.330208 0.157407 0.0458333 0.0555556
0 0.991146 0.0925926 0.0177083 0.0555556
0 0.343229 0.148148 0.034375 0.0555556
0 0.233854 0.180556 0.046875 0.0685185
0 0.234896 0.253704 0.0510417 0.0777778
0 0.940104 0.934259 0.119792 0.12037
0 0.957812 0.0796296 0.046875 0.0481481
0 0.706771 0.0157407 0.021875 0.0314815
0 0.582812 0.131481 0.0364583 0.062963
0 0.214583 0.288889 0.06875 0.0925926
0 0.599479 0.175926 0.046875 0.0777778
0 0.172917 0.330556 0.0791667 0.0944444
0 0.497917 0.437963 0.0895833 0.216667
0 0.071875 0.45463 0.09375 0.135185
0 0.585417 0.244444 0.0625 0.111111
0 0.121875 0.390741 0.0916667 0.122222
0 0.670833 0.17963 0.0479167 0.0740741
0 0.034375 0.525 0.06875 0.17963
