0 0.368229 0.118519 0.0385417 0.0518519
0 0.353125 0.137037 0.0395833 0.0592593
0 0.345313 0.150926 0.0385417 0.0574074
0 0.236979 0.17963 0.0447917 0.0703704
0 0.330208 0.163889 0.0395833 0.0574074
0 0.239063 0.25463 0.0489583 0.0796296
0 0.295833 0.182407 0.0604167 0.0648148
0 0.776563 0.0712963 0.0322917 0.05
0 0.702604 0.0833333 0.0322917 0.0481481
0 0.0723958 0.451852 0.0885417 0.137037
0 0.217187 0.290741 0.071875 0.0962963
0 0.972917 0.433333 0.0541667 0.148148
0 0.978646 0.307407 0.0427083 0.1
0 0.754687 0.156481 0.046875 0.0648148
0 0.0354167 0.522222 0.0708333 0.177778
0 0.124479 0.388889 0.090625 0.122222
0 0.173958 0.336111 0.0833333 0.112963
