0 0.640625 0.0277778 0.0270833 0.0481481
0 0.20625 0.264815 0.0583333 0.0777778
0 0.0354167 0.301852 0.0604167 0.0555556
0 0.428646 0.150926 0.053125 0.0648148
0 0.233854 0.260185 0.113542 0.0907407
0 0.568229 0.0694444 0.040625 0.0574074
0 0.611979 0.0481481 0.046875 0.0481481
0 0.471354 0.123148 0.065625 0.0648148
0 0.0375 0.374074 0.0729167 0.107407
0 0.525 0.0944444 0.05625 0.0666667
0 0.124479 0.317593 0.115625 0.109259
0 0.651563 0.126852 0.0697917 0.087037
0 0.0953125 0.572222 0.188542 0.222222
