0 0.308333 0.305556 0.0291667 0.0481481
0 0.0640625 0.417593 0.0489583 0.0759259
0 0.333333 0.290741 0.0333333 0.0407407
0 0.817708 0.383333 0.0458333 0.0555556
0 0.7875 0.366667 0.0333333 0.0481481
0 0.767708 0.347222 0.0333333 0.0425926
0 0.294271 0.315741 0.0322917 0.0425926
0 0.24375 0.35463 0.0416667 0.0537037
0 0.584375 0.291667 0.0208333 0.0314815
0 0.269792 0.336111 0.0375 0.0462963
0 0.852083 0.409259 0.0541667 0.0555556
0 0.447396 0.332407 0.028125 0.0537037
0 0.0119792 0.540741 0.0239583 0.0740741
0 0.897917 0.437963 0.0833333 0.087037
0 0.975 0.513889 0.05 0.0648148
0 0.943229 0.47963 0.0864583 0.0851852
0 0.1125 0.446296 0.0854167 0.0925926
0 0.985417 0.563889 0.0291667 0.0907407
0 0.211458 0.374074 0.0479167 0.0518519
0 0.0484375 0.718518 0.096875 0.148148
