0 0.600521 0.0388889 0.0260417 0.0407407
0 0.796875 0.102778 0.0458333 0.0685185
0 0.940104 0.794444 0.119792 0.407407
0 0.255729 0.227778 0.0510417 0.0814815
0 0.6125 0.0796296 0.03125 0.0555556
0 0.585417 0.0962963 0.0333333 0.0740741
0 0.682813 0.125 0.0427083 0.0648148
0 0.0583333 0.784259 0.116667 0.209259
0 0.609375 0.155556 0.05 0.0777778
0 0.233333 0.262037 0.0708333 0.0981481
0 0.881771 0.143519 0.059375 0.0759259
0 0.191667 0.306481 0.0833333 0.112963
0 0.795313 0.378704 0.0989583 0.172222
0 0.0932292 0.421296 0.090625 0.127778
0 0.04375 0.487037 0.0875 0.162963
0 0.871354 0.247222 0.0760417 0.0981481
0 0.142188 0.359259 0.090625 0.125926
0 0.629687 0.262037 0.0739583 0.146296
0 0.740625 0.262963 0.08125 0.107407
0 0.608333 0.35463 0.0729167 0.135185
0 0.677604 0.461111 0.109375 0.244444
0 0.745833 0.87963 0.1875 0.237037
