0 0.886458 0.330556 0.04375 0.05
0 0.823958 0.282407 0.03125 0.0462963
0 0.329167 0.269444 0.0270833 0.0388889
0 0.00677083 0.867593 0.0135417 0.0981481
0 0.986458 0.405556 0.0270833 0.062963
0 0.570312 0.206481 0.015625 0.0240741
0 0.646354 0.225 0.0197917 0.0277778
0 0.0328125 0.444444 0.065625 0.0925926
0 0.964583 0.384259 0.0666667 0.0722222
0 0.519792 0.310185 0.0375 0.0611111
0 0.919271 0.353704 0.0552083 0.062963
0 0.425521 0.412037 0.0552083 0.087037
0 0.229687 0.340741 0.0572917 0.062963
0 0.488021 0.27037 0.028125 0.0444444
0 0.723958 0.362037 0.05625 0.0722222
0 0.658333 0.478704 0.0729167 0.101852
