0 0.466146 0.115741 0.0239583 0.0574074
0 0.508333 0.0851852 0.01875 0.0296296
0 0.820312 0.172222 0.028125 0.0444444
0 0.860937 0.201852 0.0302083 0.0555556
0 0.794792 0.158333 0.0354167 0.05
0 0.402083 0.207407 0.0375 0.0555556
0 0.41875 0.134259 0.0270833 0.0462963
0 0.438542 0.171296 0.03125 0.0537037
0 0.979167 0.283333 0.0416667 0.0851852
0 0.485417 0.186111 0.0375 0.0611111
0 0.0458333 0.24537 0.0416667 0.0648148
0 0.419792 0.235185 0.0416667 0.062963
0 0.349479 0.263889 0.046875 0.0759259
0 0.884375 0.217593 0.0520833 0.0796296
0 0.958333 0.236111 0.0791667 0.0611111
0 0.475 0.257407 0.05 0.0740741
0 0.334375 0.930556 0.160417 0.135185
0 0.405729 0.3 0.059375 0.0851852
0 0.677604 0.377778 0.0697917 0.103704
0 0.294792 0.516667 0.104167 0.151852
0 0.439583 0.409259 0.0791667 0.118519
