0 0.517187 0.0490741 0.0427083 0.0351852
0 0.267188 0.147222 0.0614583 0.0425926
0 0.280729 0.137037 0.0447917 0.0296296
0 0.252083 0.153704 0.05 0.0444444
0 0.145313 0.177778 0.0635417 0.0481481
0 0.790625 0.0314815 0.0395833 0.0444444
0 0.227083 0.897222 0.45 0.190741
0 0.598958 0.350926 0.141667 0.124074
0 0.0885417 0.219444 0.0604167 0.0537037
0 0.498958 0.215741 0.0791667 0.0685185
0 0.369271 0.364815 0.0947917 0.103704
0 0.984896 0.105556 0.0302083 0.0703704
0 0.0255208 0.525 0.0510417 0.0759259
0 0.558333 0.222222 0.0645833 0.0666667
0 0.965625 0.265741 0.06875 0.105556
0 0.703646 0.386111 0.126042 0.131481
