0 0.921354 0.163889 0.126042 0.0722222
0 0.863542 0.130556 0.03125 0.0537037
0 0.826042 0.113889 0.0229167 0.0425926
0 0.797396 0.0962963 0.034375 0.0481481
0 0.457812 0.0574074 0.0260417 0.0481481
0 0.0479167 0.191667 0.0416667 0.0648148
0 0.429688 0.162037 0.040625 0.0648148
0 0.621875 0.087037 0.03125 0.0555556
0 0.457812 0.313889 0.065625 0.138889
0 0.98125 0.233333 0.0375 0.1
0 0.8875 0.161111 0.0541667 0.0814815
0 0.0192708 0.283333 0.0385417 0.0925926
0 0.473437 0.198148 0.046875 0.0703704
0 0.960938 0.178704 0.078125 0.0648148
0 0.238542 0.22963 0.114583 0.0814815
0 0.283854 0.405556 0.0802083 0.137037
0 0.18125 0.724074 0.179167 0.266667
0 0.860937 0.803704 0.182292 0.262963
