0 0.753646 0.0203704 0.034375 0.0407407
0 0.390625 0.105556 0.0375 0.0518519
0 0.258854 0.224074 0.0447917 0.0777778
0 0.714583 0.0314815 0.0291667 0.0481481
0 0.179688 0.291667 0.040625 0.0981481
0 0.220313 0.239815 0.101042 0.0944444
0 0.338542 0.147222 0.0604167 0.0611111
0 0.755208 0.062037 0.0354167 0.05
0 0.646354 0.0722222 0.0322917 0.0518519
0 0.578646 0.0925926 0.0447917 0.062963
0 0.446354 0.175926 0.0697917 0.0703704
0 0.636979 0.0444444 0.028125 0.0444444
0 0.558333 0.212037 0.06875 0.153704
0 0.730729 0.087037 0.040625 0.062963
0 0.600521 0.157407 0.040625 0.0740741
0 0.0333333 0.440741 0.0666667 0.107407
0 0.931771 0.149074 0.0677083 0.0944444
0 0.0817708 0.380556 0.0802083 0.0944444
0 0.816667 0.087963 0.04375 0.0648148
0 0.139062 0.337037 0.084375 0.107407
0 0.474479 0.202778 0.053125 0.0833333
0 0.856771 0.167593 0.0635417 0.0833333
0 0.55625 0.931481 0.170833 0.133333
0 0.516146 0.419444 0.0927083 0.161111
0 0.638542 0.571296 0.11875 0.22037
0 0.358333 0.802778 0.191667 0.383333
