0 0.413542 0.0898148 0.0520833 0.0388889
0 0.427083 0.247222 0.0625 0.0611111
0 0.796875 0.157407 0.0520833 0.0555556
0 0.0192708 0.237963 0.0385417 0.05
0 0.993229 0.118519 0.0135417 0.0703704
0 0.0369792 0.214815 0.0677083 0.0555556
0 0.755208 0.0444444 0.0416667 0.0407407
0 0.592188 0.188889 0.0572917 0.062963
0 0.446875 0.252778 0.0833333 0.087037
0 0.348958 0.116667 0.05 0.0481481
0 0.678646 0.156481 0.0572917 0.0611111
0 0.560938 0.238889 0.0635417 0.0518519
0 0.592708 0.357407 0.1375 0.133333
0 0.938021 0.288889 0.0947917 0.107407
0 0.744792 0.342593 0.114583 0.12963
0 0.499479 0.575926 0.171875 0.192593
