0 0.615104 0.062037 0.0364583 0.0388889
0 0.317187 0.2 0.173958 0.0740741
0 0.134375 0.168519 0.116667 0.0666667
0 0.985937 0.0953704 0.028125 0.0388889
0 0.946354 0.100926 0.0614583 0.0462963
0 0.892187 0.105556 0.0510417 0.0481481
0 0.840104 0.114815 0.059375 0.0555556
0 0.541667 0.143519 0.0770833 0.0796296
0 0.426042 0.0685185 0.0520833 0.0592593
0 0.980729 0.212037 0.0385417 0.0981481
0 0.03125 0.235185 0.0625 0.0962963
0 0.153646 0.215741 0.142708 0.105556
0 0.9375 0.501852 0.125 0.192593
