0 0.13125 0.225926 0.03125 0.0518519
0 0.310417 0.419444 0.1375 0.112963
0 0.245833 0.261111 0.0458333 0.0592593
0 0.948438 0.248148 0.0760417 0.0592593
0 0.166667 0.231481 0.0375 0.0703704
0 0.534375 0.242593 0.08125 0.0851852
0 0.235417 0.309259 0.0520833 0.0703704
0 0.667188 0.290741 0.101042 0.0962963
0 0.505729 0.32963 0.0760417 0.1
0 0.288021 0.343519 0.0760417 0.101852
0 0.616146 0.387963 0.126042 0.116667
0 0.347917 0.4 0.0770833 0.103704
0 0.820312 0.575 0.178125 0.216667
0 0.869792 0.368519 0.135417 0.107407
0 0.760417 0.459259 0.158333 0.133333
0 0.94375 0.556481 0.1125 0.168519
0 0.634896 0.499074 0.167708 0.146296
0 0.957812 0.713889 0.084375 0.153704
0 0.422917 0.463889 0.114583 0.131481
0 0.275521 0.449074 0.090625 0.116667
0 0.579167 0.57963 0.160417 0.177778
0 0.813021 0.748148 0.278125 0.340741
