0 0.638021 0.136111 0.028125 0.0351852
0 0.951042 0.0953704 0.0208333 0.0351852
0 0.852604 0.137963 0.0260417 0.0462963
0 0.917188 0.106481 0.021875 0.0314815
0 0.843229 0.169444 0.0302083 0.05
0 0.629167 0.203704 0.0416667 0.0703704
0 0.590104 0.188889 0.046875 0.0481481
0 0.953125 0.190741 0.0354167 0.0481481
0 0.895312 0.156481 0.0302083 0.05
0 0.477083 0.264815 0.08125 0.107407
0 0.415104 0.239815 0.0677083 0.0759259
0 0.4875 0.337037 0.0875 0.0888889
0 0.686458 0.302778 0.06875 0.0944444
0 0.774479 0.330556 0.0614583 0.0833333
0 0.125 0.461111 0.104167 0.114815
0 0.554167 0.792593 0.179167 0.285185
