0 0.352083 0.168519 0.0395833 0.0592593
0 0.684896 0.0527778 0.0260417 0.0388889
0 0.332812 0.187963 0.0364583 0.0574074
0 0.729167 0.113889 0.0354167 0.0574074
0 0.243229 0.201852 0.0510417 0.0666667
0 0.771875 0.0907407 0.03125 0.0481481
0 0.3 0.206481 0.0604167 0.0611111
0 0.575 0.075 0.0208333 0.0351852
0 0.580729 0.141667 0.034375 0.0537037
0 0.240104 0.278704 0.0510417 0.0833333
0 0.777604 0.14537 0.0427083 0.0537037
0 0.216146 0.307407 0.0635417 0.0851852
0 0.126042 0.410185 0.0895833 0.127778
0 0.0760417 0.47037 0.0916667 0.133333
0 0.838542 0.201852 0.05625 0.0740741
0 0.178125 0.359259 0.08125 0.111111
0 0.0364583 0.543519 0.0729167 0.175926
0 0.580729 0.410185 0.0697917 0.131481
0 0.928646 0.268519 0.0760417 0.0925926
0 0.742188 0.693519 0.138542 0.261111
0 0.504687 0.247222 0.096875 0.0833333
