0 0.0151042 0.349074 0.0302083 0.0574074
0 0.580208 0.0861111 0.0458333 0.0425926
0 0.946875 0.12037 0.0354167 0.0407407
0 0.634375 0.0851852 0.0354167 0.037037
0 0.141146 0.183333 0.084375 0.0740741
0 0.859896 0.12963 0.0489583 0.0481481
0 0.979167 0.114815 0.0416667 0.0518519
0 0.905208 0.123148 0.0583333 0.05
0 0.445833 0.0935185 0.0520833 0.0611111
0 0.5625 0.162963 0.0833333 0.0777778
0 0.983333 0.233333 0.0333333 0.0777778
0 0.176563 0.237963 0.136458 0.109259
0 0.0432292 0.262963 0.0864583 0.0925926
0 0.131771 0.519444 0.259375 0.209259
