0 0.76875 0.217593 0.0458333 0.0425926
0 0.188021 0.236111 0.0364583 0.0537037
0 0.147396 0.256481 0.034375 0.0574074
0 0.0817708 0.836111 0.163542 0.305556
0 0.983854 0.297222 0.0322917 0.05
0 0.221354 0.255556 0.046875 0.062963
0 0.136458 0.3 0.0458333 0.062963
0 0.509375 0.266667 0.0729167 0.0666667
0 0.49375 0.338889 0.0791667 0.103704
0 0.683854 0.317593 0.105208 0.105556
0 0.252083 0.339815 0.05625 0.0833333
0 0.892708 0.387963 0.141667 0.135185
0 0.628646 0.483333 0.123958 0.177778
0 0.796875 0.765741 0.270833 0.338889
0 0.730208 0.877778 0.2625 0.237037
0 0.713021 0.462963 0.132292 0.140741
0 0.376042 0.440741 0.10625 0.114815
0 0.566146 0.594444 0.161458 0.174074
0 0.852083 0.660185 0.2125 0.205556
0 0.917188 0.580556 0.165625 0.235185
0 0.319792 0.510185 0.10625 0.153704
