0 0.371354 0.119444 0.0385417 0.05
0 0.899479 0.0509259 0.021875 0.0425926
0 0.332292 0.169444 0.0458333 0.0648148
0 0.353125 0.14537 0.0333333 0.0648148
0 0.3 0.184259 0.05625 0.0648148
0 0.939583 0.0685185 0.0333333 0.0444444
0 0.967188 0.0805556 0.0427083 0.0462963
0 0.240104 0.181481 0.040625 0.0666667
0 0.675 0.0111111 0.01875 0.0222222
0 0.240625 0.258333 0.0520833 0.0833333
0 0.644792 0.0138889 0.0208333 0.0277778
0 0.480729 0.185185 0.161458 0.111111
0 0.220313 0.293519 0.0739583 0.0944444
0 0.0791667 0.459259 0.0875 0.133333
0 0.0369792 0.528704 0.0739583 0.17963
0 0.128125 0.394444 0.0895833 0.125926
0 0.178646 0.341667 0.0802083 0.109259
0 0.964583 0.436111 0.0708333 0.146296
