0 0.182292 0.136111 0.0395833 0.05
0 0.0270833 0.0805556 0.0229167 0.0351852
0 0.383854 0.087037 0.0385417 0.0444444
0 0.05 0.119444 0.03125 0.0611111
0 0.319792 0.49537 0.108333 0.22037
0 0.44375 0.182407 0.0583333 0.0537037
0 0.146875 0.159259 0.0479167 0.0814815
0 0.0223958 0.217593 0.0447917 0.0685185
0 0.115625 0.235185 0.05 0.0814815
0 0.55 0.938889 0.191667 0.114815
0 0.597917 0.182407 0.06875 0.0648148
0 0.789583 0.356481 0.133333 0.109259
0 0.631771 0.701852 0.186458 0.237037
0 0.876562 0.719444 0.232292 0.257407
