0 0.894792 0.0740741 0.0145833 0.0222222
0 0.913021 0.0731481 0.021875 0.0388889
0 0.807813 0.0833333 0.0177083 0.0259259
0 0.947917 0.0712963 0.01875 0.0277778
0 0.789062 0.0925926 0.0197917 0.0333333
0 0.929688 0.115741 0.0239583 0.0388889
0 0.849479 0.128704 0.0239583 0.0351852
0 0.676042 0.147222 0.0291667 0.0388889
0 0.813542 0.182407 0.0333333 0.0462963
0 0.854688 0.197222 0.0322917 0.05
0 0.910937 0.22963 0.034375 0.0592593
0 0.730729 0.290741 0.0489583 0.0666667
0 0.810938 0.29537 0.0552083 0.0759259
0 0.0786458 0.486111 0.130208 0.116667
0 0.226562 0.497222 0.136458 0.135185
