0 0.684896 0.103704 0.0385417 0.062963
0 0.911458 0.122222 0.0270833 0.0481481
0 0.90625 0.0490741 0.0229167 0.0351852
0 0.8125 0.124074 0.03125 0.0481481
0 0.636979 0.113889 0.0385417 0.05
0 0.666146 0.160185 0.0427083 0.05
0 0.576563 0.126852 0.040625 0.0425926
0 0.928646 0.0805556 0.028125 0.0425926
0 0.852083 0.137037 0.0375 0.0592593
0 0.970833 0.498148 0.05625 0.181481
0 0.751562 0.196296 0.046875 0.0592593
0 0.972917 0.163889 0.0354167 0.0722222
0 0.897396 0.201852 0.0364583 0.0740741
0 0.507292 0.171296 0.0479167 0.0537037
0 0.579167 0.184259 0.0520833 0.0574074
0 0.540104 0.260185 0.0739583 0.0759259
0 0.304167 0.285185 0.0875 0.0888889
0 0.200521 0.52037 0.155208 0.166667
