0 0.680208 0.0953704 0.0291667 0.0462963
0 0.64375 0.0731481 0.025 0.0425926
0 0.116667 0.247222 0.0541667 0.0611111
0 0.161458 0.207407 0.0645833 0.0555556
0 0.257292 0.149074 0.0354167 0.05
0 0.232812 0.168519 0.0427083 0.0518519
0 0.9875 0.211111 0.025 0.0518519
0 0.854688 0.116667 0.0489583 0.0555556
0 0.0567708 0.319444 0.0322917 0.0759259
0 0.492188 0.0481481 0.0197917 0.0296296
0 0.65625 0.162037 0.04375 0.0759259
0 0.45 0.151852 0.0395833 0.062963
0 0.935938 0.162037 0.0614583 0.0611111
0 0.5125 0.157407 0.0395833 0.0740741
0 0.967708 0.186111 0.0645833 0.0648148
0 0.733333 0.192593 0.0520833 0.0740741
0 0.0838542 0.284259 0.071875 0.087037
0 0.61875 0.225 0.0541667 0.0796296
0 0.705729 0.275926 0.059375 0.103704
0 0.481771 0.318519 0.0677083 0.118519
0 0.303125 0.310185 0.0645833 0.0981481
0 0.315104 0.451852 0.096875 0.151852
0 0.43125 0.683333 0.1375 0.307407
0 0.851562 0.331481 0.0885417 0.114815
0 0.801562 0.480556 0.115625 0.15
0 0.758854 0.765741 0.159375 0.257407
