0 0.771875 0.173148 0.0333333 0.0425926
0 0.457292 0.132407 0.0208333 0.0314815
0 0.435417 0.156481 0.0270833 0.0388889
0 0.6 0.131481 0.0208333 0.0296296
0 0.486458 0.150926 0.025 0.0425926
0 0.520833 0.17963 0.03125 0.0481481
0 0.727604 0.192593 0.0322917 0.0481481
0 0.2 0.369444 0.075 0.101852
0 0.616667 0.166667 0.0291667 0.037037
0 0.458333 0.202778 0.0354167 0.0574074
0 0.500521 0.238889 0.034375 0.0555556
0 0.718229 0.287037 0.046875 0.0703704
0 0.827083 0.449074 0.0875 0.124074
0 0.676562 0.409259 0.065625 0.0962963
0 0.370833 0.626852 0.0979167 0.164815
0 0.341146 0.425 0.0760417 0.112963
