0 0.477604 0.106481 0.021875 0.0314815
0 0.540625 0.110185 0.0208333 0.0351852
0 0.65625 0.136111 0.0270833 0.0388889
0 0.446875 0.103704 0.01875 0.0222222
0 0.509896 0.0944444 0.0197917 0.0407407
0 0.619792 0.127778 0.0208333 0.0333333
0 0.705208 0.141667 0.0270833 0.0351852
0 0.706771 0.232407 0.0427083 0.0611111
0 0.388542 0.217593 0.0354167 0.0648148
0 0.505729 0.2 0.034375 0.0518519
0 0.396354 0.586111 0.0947917 0.205556
0 0.641667 0.224074 0.0395833 0.0555556
0 0.903646 0.296296 0.0635417 0.0740741
0 0.270833 0.284259 0.05 0.0648148
0 0.660937 0.314815 0.0489583 0.0740741
0 0.838021 0.324074 0.0614583 0.0814815
0 0.417708 0.350926 0.0583333 0.0907407
0 0.74375 0.316667 0.0583333 0.0814815
0 0.692708 0.49537 0.0854167 0.142593
0 0.296875 0.519444 0.0895833 0.135185
0 0.884896 0.531482 0.105208 0.148148
