0 0.0536458 0.386111 0.046875 0.0462963
0 0.605729 0.25463 0.015625 0.0240741
0 0.333333 0.287963 0.0354167 0.0462963
0 0.310417 0.296296 0.025 0.0481481
0 0.768229 0.337037 0.0364583 0.0407407
0 0.296875 0.308333 0.0354167 0.0462963
0 0.271875 0.326852 0.0375 0.0462963
0 0.854167 0.402778 0.05625 0.0537037
0 0.113542 0.434259 0.0833333 0.0907407
0 0.900521 0.426852 0.0802083 0.0833333
0 0.976562 0.505556 0.046875 0.0703704
0 0.944792 0.47037 0.0854167 0.0851852
0 0.596354 0.294444 0.0239583 0.0407407
0 0.244271 0.34537 0.0427083 0.05
0 0.986458 0.555556 0.0270833 0.0888889
0 0.213542 0.365741 0.05 0.0537037
0 0.0130208 0.535185 0.0260417 0.0814815
