0 0.958854 0.0833333 0.0447917 0.0481481
0 0.735937 0.105556 0.0385417 0.0518519
0 0.322917 0.166667 0.0416667 0.062963
0 0.574479 0.05 0.021875 0.037037
0 0.729167 0.0537037 0.0291667 0.0407407
0 0.801042 0.124074 0.04375 0.0518519
0 0.416146 0.140741 0.0552083 0.0555556
0 0.620313 0.0842593 0.034375 0.0685185
0 0.977604 0.12963 0.0447917 0.0555556
0 0.307292 0.190741 0.0479167 0.0703704
0 0.567708 0.125 0.0333333 0.0537037
0 0.734375 0.153704 0.0458333 0.0666667
0 0.495313 0.122222 0.0510417 0.0555556
0 0.278125 0.221296 0.05625 0.0796296
0 0.24375 0.257407 0.0666667 0.0851852
0 0.208333 0.297222 0.0645833 0.087037
0 0.88125 0.216667 0.0708333 0.0962963
0 0.158333 0.353704 0.09375 0.125926
0 0.779167 0.213889 0.0645833 0.0944444
0 0.654167 0.162037 0.0416667 0.0648148
0 0.0416667 0.524074 0.0833333 0.181481
0 0.591146 0.161111 0.0427083 0.0666667
0 0.604167 0.339815 0.0708333 0.127778
