0 0.0578125 0.437963 0.0364583 0.0425926
0 0.0578125 0.418519 0.0447917 0.0666667
0 0.820312 0.391667 0.0447917 0.0537037
0 0.0526042 0.4 0.0489583 0.0444444
0 0.309896 0.308333 0.0260417 0.0388889
0 0.764583 0.353704 0.03125 0.0444444
0 0.896354 0.440741 0.0822917 0.0851852
0 0.851042 0.414815 0.0583333 0.0555556
0 0.292188 0.324074 0.0322917 0.0407407
0 0.975 0.519444 0.05 0.0685185
0 0.48125 0.25 0.0145833 0.0222222
0 0.940625 0.486111 0.0875 0.087037
0 0.268229 0.340741 0.0385417 0.0481481
0 0.241667 0.360185 0.0395833 0.0537037
0 0.481771 0.313889 0.0239583 0.0425926
0 0.984375 0.568519 0.03125 0.0925926
0 0.113021 0.449074 0.0802083 0.0907407
0 0.0109375 0.543519 0.021875 0.0685185
0 0.429167 0.348148 0.0333333 0.0555556
0 0.672917 0.527778 0.0770833 0.0962963
0 0.210417 0.380556 0.05 0.0537037
