0 0.0619792 0.283333 0.0447917 0.0740741
0 0.990104 0.242593 0.0197917 0.0518519
0 0.580729 0.0342593 0.015625 0.0240741
0 0.950521 0.150926 0.0760417 0.0611111
0 0.0614583 0.353704 0.0354167 0.0740741
0 0.294792 0.162037 0.0291667 0.0388889
0 0.260417 0.187963 0.0333333 0.05
0 0.642187 0.112963 0.0260417 0.0407407
0 0.616667 0.0990741 0.025 0.0351852
0 0.277083 0.173148 0.0291667 0.0425926
0 0.938021 0.199074 0.0635417 0.0648148
0 0.970312 0.218519 0.059375 0.0666667
0 0.872396 0.209259 0.0552083 0.0666667
0 0.153646 0.216667 0.0510417 0.062963
0 0.234896 0.20463 0.0427083 0.05
0 0.202083 0.225 0.0583333 0.0611111
0 0.476562 0.0833333 0.0197917 0.0296296
0 0.0864583 0.323148 0.0729167 0.0833333
0 0.123958 0.292593 0.0520833 0.0740741
0 0.673437 0.225926 0.0510417 0.0777778
0 0.709375 0.316667 0.075 0.122222
0 0.240104 0.678704 0.126042 0.216667
0 0.922396 0.737963 0.155208 0.238889
0 0.697396 0.623148 0.119792 0.194444
