0 0.172917 0.317593 0.0375 0.0796296
0 0.0572917 0.430556 0.114583 0.116667
0 0.566146 0.0537037 0.028125 0.0481481
0 0.594792 0.075 0.0291667 0.0574074
0 0.389583 0.127778 0.04375 0.0407407
0 0.242708 0.271296 0.0520833 0.0759259
0 0.284375 0.176852 0.0416667 0.0648148
0 0.643229 0.0574074 0.028125 0.0481481
0 0.655208 0.0907407 0.0291667 0.0444444
0 0.613021 0.100926 0.0302083 0.0537037
0 0.265104 0.246296 0.046875 0.0703704
0 0.586979 0.136111 0.034375 0.0611111
0 0.769271 0.108333 0.0427083 0.0648148
0 0.0317708 0.472222 0.0635417 0.107407
0 0.54375 0.192593 0.0604167 0.114815
0 0.383854 0.175926 0.0572917 0.062963
0 0.135937 0.369444 0.0864583 0.105556
0 0.08125 0.412963 0.08125 0.0888889
0 0.644271 0.165741 0.040625 0.0722222
0 0.657812 0.27037 0.065625 0.125926
0 0.505208 0.296296 0.06875 0.103704
0 0.879687 0.271296 0.0802083 0.0981481
0 0.392188 0.54537 0.115625 0.175926
0 0.901563 0.493519 0.130208 0.198148
