0 0.260938 0.0546296 0.0489583 0.05
0 0.138542 0.0981481 0.0375 0.0481481
0 0.0151042 0.0768519 0.0302083 0.05
0 0.0817708 0.0990741 0.034375 0.0462963
0 0.420833 0.139815 0.0625 0.0648148
0 0.108854 0.134259 0.040625 0.0574074
0 0.190625 0.136111 0.0479167 0.0796296
0 0.474479 0.125 0.0572917 0.0574074
0 0.0411458 0.156481 0.0427083 0.0611111
0 0.431771 0.337037 0.113542 0.148148
0 0.710417 0.311111 0.120833 0.0888889
0 0.631771 0.187963 0.078125 0.0722222
0 0.827604 0.317593 0.144792 0.112963
