0 0.653646 0.152778 0.0260417 0.0351852
0 0.927604 0.0657407 0.015625 0.0203704
0 0.75625 0.109259 0.0229167 0.0296296
0 0.00989583 0.103704 0.0197917 0.0259259
0 0.0802083 0.0981481 0.0854167 0.0407407
0 0.623438 0.187037 0.0364583 0.0481481
0 0.720833 0.178704 0.0333333 0.0388889
0 0.683854 0.168519 0.0302083 0.037037
0 0.875521 0.111111 0.0177083 0.0222222
0 0.888542 0.144444 0.0229167 0.0444444
0 0.638021 0.214815 0.046875 0.0481481
0 0.533333 0.219444 0.0458333 0.0462963
0 0.0286458 0.584259 0.0572917 0.101852
0 0.469792 0.27963 0.0729167 0.0814815
0 0.888021 0.455556 0.0697917 0.114815
0 0.499479 0.357407 0.084375 0.1
0 0.547917 0.808333 0.172917 0.253704
0 0.213542 0.528704 0.141667 0.138889
