0 0.345833 0.0537037 0.0333333 0.037037
0 0.0411458 0.0157407 0.0177083 0.0277778
0 0.0765625 0.0842593 0.0302083 0.0388889
0 0.0197917 0.0833333 0.0291667 0.0518519
0 0.976562 0.855556 0.046875 0.114815
0 0.952604 0.312037 0.0947917 0.146296
0 0.191146 0.14537 0.0427083 0.0574074
0 0.0625 0.168519 0.04375 0.062963
0 0.421875 0.137037 0.0520833 0.0518519
0 0.61875 0.181481 0.0791667 0.0703704
0 0.547917 0.198148 0.0791667 0.0740741
0 0.816146 0.377778 0.130208 0.0925926
0 0.352083 0.265741 0.0708333 0.0944444
0 0.363542 0.70463 0.154167 0.257407
0 0.142708 0.337037 0.075 0.111111
0 0.741667 0.299074 0.11875 0.0981481
