0 0.216667 0.22963 0.0354167 0.0518519
0 0.219271 0.24537 0.034375 0.0388889
0 0.603646 0.243519 0.0427083 0.0351852
0 0.214062 0.210185 0.0322917 0.0314815
0 0.844271 0.519444 0.163542 0.175926
0 0.0270833 0.373148 0.05 0.087037
0 0.30625 0.207407 0.0333333 0.037037
0 0.949479 0.746296 0.101042 0.207407
0 0.207813 0.168519 0.0177083 0.0259259
0 0.560417 0.230556 0.05 0.0388889
0 0.702604 0.263889 0.0510417 0.0537037
0 0.0354167 0.228704 0.025 0.0388889
0 0.652083 0.251852 0.0520833 0.0481481
0 0.0479167 0.291667 0.0354167 0.0611111
0 0.920833 0.330556 0.0916667 0.0685185
0 0.839063 0.307407 0.0927083 0.0592593
0 0.911458 0.715741 0.177083 0.224074
0 0.384896 0.291667 0.053125 0.0722222
0 0.45 0.244444 0.0479167 0.0444444
0 0.441667 0.373148 0.0875 0.0907407
