0 0.0375 0.237037 0.0354167 0.0592593
0 0.821354 0.175926 0.115625 0.0666667
0 0.410417 0.169444 0.0520833 0.0425926
0 0.508854 0.12037 0.0739583 0.0407407
0 0.193229 0.20463 0.040625 0.05
0 0.970312 0.181481 0.0552083 0.0851852
0 0.890104 0.282407 0.117708 0.0796296
0 0.117708 0.232407 0.0395833 0.0648148
0 0.173958 0.282407 0.05625 0.0685185
0 0.583854 0.211111 0.053125 0.0555556
0 0.742188 0.246296 0.0864583 0.0740741
0 0.078125 0.272222 0.04375 0.062963
0 0.176042 0.362037 0.075 0.127778
0 0.308333 0.244444 0.0604167 0.0703704
0 0.80625 0.500926 0.19375 0.164815
0 0.280729 0.556481 0.130208 0.198148
