0 0.357292 0.191667 0.0770833 0.0833333
0 0.0359375 0.834259 0.071875 0.101852
0 0.590104 0.113889 0.0364583 0.0907407
0 0.604167 0.0481481 0.03125 0.0481481
0 0.810938 0.141667 0.0552083 0.0759259
0 0.232812 0.255556 0.0697917 0.0962963
0 0.703125 0.168519 0.0541667 0.0851852
0 0.973437 0.25 0.053125 0.103704
0 0.366146 0.168519 0.107292 0.0703704
0 0.959375 0.168519 0.0708333 0.0777778
0 0.0932292 0.414815 0.090625 0.133333
0 0.620313 0.0907407 0.0364583 0.062963
0 0.0447917 0.489815 0.0895833 0.187037
0 0.611979 0.175926 0.0552083 0.0851852
0 0.192188 0.3 0.0822917 0.111111
0 0.0171875 0.712963 0.034375 0.144444
0 0.141667 0.351852 0.0916667 0.122222
0 0.921354 0.671296 0.157292 0.316667
0 0.968229 0.364815 0.0635417 0.12963
0 0.641146 0.310185 0.0885417 0.168519
0 0.786979 0.374074 0.103125 0.144444
0 0.729688 0.72963 0.167708 0.403704
0 0.636979 0.480556 0.107292 0.183333
