0 0.434375 0.0805556 0.0229167 0.0314815
0 0.458854 0.101852 0.0260417 0.0333333
0 0.43125 0.128704 0.0270833 0.0425926
0 0.525 0.12037 0.0270833 0.0444444
0 0.502604 0.187037 0.0364583 0.0592593
0 0.991146 0.382407 0.0177083 0.0685185
0 0.736979 0.134259 0.0322917 0.0462963
0 0.988542 0.887963 0.0229167 0.12037
0 0.356771 0.294444 0.0510417 0.0777778
0 0.759375 0.594444 0.102083 0.211111
0 0.463021 0.158333 0.0385417 0.0574074
0 0.699479 0.178704 0.0385417 0.0537037
0 0.651042 0.209259 0.0333333 0.0592593
0 0.321875 0.255556 0.0541667 0.0962963
0 0.363021 0.37963 0.0739583 0.140741
0 0.833854 0.225 0.0489583 0.0685185
0 0.471354 0.268519 0.0489583 0.0703704
0 0.161458 0.362037 0.0708333 0.0722222
0 0.463021 0.387037 0.0697917 0.111111
0 0.229687 0.898148 0.163542 0.2
