0 0.972396 0.106481 0.0197917 0.0351852
0 0.0104167 0.106481 0.0208333 0.0277778
0 0.894271 0.137963 0.0197917 0.0277778
0 0.854167 0.138889 0.0208333 0.0333333
0 0.695833 0.160185 0.0291667 0.0314815
0 0.0661458 0.102778 0.111458 0.0462963
0 0.969792 0.148148 0.0208333 0.0333333
0 0.650521 0.208333 0.0385417 0.0425926
0 0.578646 0.202778 0.0427083 0.05
0 0.928646 0.14537 0.021875 0.0314815
0 0.858333 0.200926 0.03125 0.0462963
0 0.771354 0.258333 0.0427083 0.0574074
0 0.791146 0.343519 0.0510417 0.0833333
0 0.522917 0.25463 0.05625 0.0648148
0 0.448958 0.343519 0.0708333 0.101852
0 0.539062 0.332407 0.0697917 0.0796296
0 0.974479 0.462037 0.0510417 0.109259
0 0.360417 0.488889 0.125 0.118519
0 0.121354 0.576852 0.155208 0.146296
0 0.559896 0.575926 0.121875 0.148148
0 0.134896 0.442593 0.105208 0.111111
