0 0.484896 0.156481 0.0302083 0.0462963
0 0.367708 0.190741 0.03125 0.0555556
0 0.622396 0.150926 0.0302083 0.0388889
0 0.457812 0.136111 0.0197917 0.0351852
0 0.711979 0.115741 0.0239583 0.0314815
0 0.464583 0.191667 0.03125 0.05
0 0.530729 0.158333 0.0260417 0.0388889
0 0.728125 0.178704 0.03125 0.0425926
0 0.656771 0.139815 0.0239583 0.0537037
0 0.417188 0.197222 0.0302083 0.0462963
0 0.628125 0.181481 0.0354167 0.0555556
0 0.324479 0.239815 0.0385417 0.0574074
0 0.373958 0.25463 0.0395833 0.0685185
0 0.451562 0.246296 0.0385417 0.0555556
0 0.230729 0.428704 0.0885417 0.142593
0 0.695312 0.216667 0.0447917 0.0666667
0 0.891146 0.361111 0.0697917 0.0962963
0 0.639583 0.261111 0.0416667 0.062963
0 0.402083 0.323148 0.0479167 0.0981481
0 0.784896 0.402778 0.071875 0.109259
0 0.743229 0.72963 0.113542 0.181481
0 0.225 0.682407 0.116667 0.183333
