0 0.64375 0.062037 0.0208333 0.0314815
0 0.364583 0.125 0.0229167 0.05
0 0.497396 0.0898148 0.0239583 0.05
0 0.619271 0.1 0.0239583 0.0333333
0 0.403125 0.108333 0.0270833 0.0462963
0 0.657292 0.0888889 0.0229167 0.0333333
0 0.532812 0.105556 0.0239583 0.037037
0 0.796875 0.165741 0.0395833 0.05
0 0.632292 0.146296 0.0291667 0.0481481
0 0.463542 0.153704 0.03125 0.062963
0 0.686458 0.152778 0.0354167 0.0537037
0 0.792188 0.225926 0.046875 0.062963
0 0.272396 0.238889 0.0510417 0.0777778
0 0.908333 0.266667 0.0625 0.0740741
0 0.664062 0.243519 0.046875 0.0796296
0 0.413542 0.282407 0.0583333 0.0944444
0 0.928646 0.612963 0.140625 0.233333
0 0.7375 0.249074 0.0520833 0.0722222
0 0.338542 0.405556 0.075 0.111111
0 0.704687 0.381481 0.0739583 0.118519
0 0.453125 0.374074 0.0645833 0.107407
0 0.203125 0.438889 0.0895833 0.118519
0 0.892187 0.891667 0.169792 0.209259
