0 0.676042 0.0944444 0.0291667 0.0259259
0 0.370313 0.12037 0.0302083 0.0518519
0 0.370833 0.175 0.0583333 0.0796296
0 0.339063 0.126852 0.0385417 0.0537037
0 0.406771 0.110185 0.0427083 0.05
0 0.2625 0.123148 0.04375 0.0574074
0 0.804167 0.0935185 0.0416667 0.0462963
0 0.453646 0.0537037 0.0239583 0.0333333
0 0.234896 0.171296 0.0489583 0.0685185
0 0.398438 0.162963 0.0364583 0.0703704
0 0.316146 0.087037 0.046875 0.062963
0 0.470313 0.19537 0.046875 0.0796296
0 0.295833 0.622222 0.147917 0.27037
