0 0.135937 0.214815 0.071875 0.062963
0 0.946354 0.113889 0.078125 0.0648148
0 0.986979 0.203704 0.0239583 0.0592593
0 0.584375 0.112963 0.03125 0.0518519
0 0.848437 0.110185 0.0614583 0.0611111
0 0.676562 0.087963 0.028125 0.0462963
0 0.257812 0.146296 0.034375 0.0481481
0 0.934896 0.160185 0.0614583 0.0648148
0 0.652604 0.149074 0.0447917 0.0722222
0 0.492188 0.0472222 0.0197917 0.0314815
0 0.196875 0.181481 0.0625 0.062963
0 0.233333 0.163889 0.0416667 0.05
0 0.967188 0.184259 0.0635417 0.0611111
0 0.511458 0.165741 0.0416667 0.0796296
0 0.726562 0.178704 0.0489583 0.0722222
0 0.11875 0.244444 0.0520833 0.062963
0 0.445833 0.155556 0.0416667 0.062963
0 0.0838542 0.282407 0.0739583 0.087037
0 0.614062 0.206481 0.0510417 0.0759259
0 0.297917 0.319444 0.0666667 0.0981481
0 0.696354 0.25463 0.0552083 0.0981481
0 0.475 0.353704 0.075 0.118519
0 0.833333 0.302778 0.08125 0.105556
0 0.292708 0.50463 0.10625 0.164815
0 0.728125 0.638889 0.135417 0.207407
0 0.777083 0.425926 0.102083 0.137037
0 0.402083 0.825 0.172917 0.342593
