0 0.395312 0.183333 0.0385417 0.0481481
0 0.182812 0.367593 0.0364583 0.0944444
0 0.220833 0.321296 0.10625 0.0907407
0 0.255208 0.32037 0.0354167 0.0814815
0 0.336458 0.222222 0.0520833 0.0592593
0 0.979688 0.119444 0.040625 0.0537037
0 0.988542 0.236111 0.0229167 0.0648148
0 0.269792 0.288889 0.0541667 0.0740741
0 0.648438 0.105556 0.0302083 0.0444444
0 0.756771 0.115741 0.0302083 0.0425926
0 0.590104 0.149074 0.0322917 0.0574074
0 0.0338542 0.513889 0.0677083 0.109259
0 0.0854167 0.452778 0.0791667 0.0944444
0 0.603646 0.183333 0.0364583 0.0592593
0 0.646875 0.15463 0.0333333 0.0537037
0 0.803125 0.212963 0.05 0.0740741
0 0.141146 0.411111 0.0864583 0.103704
0 0.574479 0.265741 0.0510417 0.0833333
0 0.651563 0.585185 0.121875 0.244444
0 0.476562 0.376852 0.0760417 0.12037
0 0.45625 0.539815 0.11875 0.17963
