0 0.979688 0.173148 0.015625 0.0203704
0 0.853646 0.174074 0.0427083 0.0333333
0 0.661458 0.247222 0.0375 0.0425926
0 0.635417 0.255556 0.0354167 0.0407407
0 0.602604 0.267593 0.040625 0.0425926
0 0.802083 0.231481 0.0291667 0.037037
0 0.959375 0.219444 0.0229167 0.0314815
0 0.567708 0.283333 0.05 0.0444444
0 0.722396 0.516667 0.071875 0.114815
0 0.405208 0.340741 0.0770833 0.0703704
0 0.977604 0.25 0.028125 0.0407407
0 0.522396 0.303704 0.0552083 0.0555556
0 0.165625 0.390741 0.0604167 0.062963
0 0.876562 0.337037 0.046875 0.0592593
0 0.258333 0.409259 0.0958333 0.0814815
0 0.0697917 0.574074 0.139583 0.133333
