0 0.58125 0.352778 0.05 0.0648148
0 0.0713542 0.137037 0.0114583 0.0185185
0 0.616667 0.237963 0.0666667 0.0537037
0 0.191667 0.181481 0.0375 0.037037
0 0.220313 0.212037 0.0322917 0.0388889
0 0.558333 0.22963 0.0541667 0.0481481
0 0.467187 0.211111 0.0489583 0.0407407
0 0.825521 0.29537 0.084375 0.0685185
0 0.1 0.163889 0.0229167 0.0240741
0 0.248437 0.206481 0.040625 0.0425926
0 0.550521 0.346296 0.105208 0.0740741
0 0.743229 0.277778 0.090625 0.0555556
0 0.935938 0.326852 0.103125 0.0648148
0 0.934896 0.675 0.130208 0.224074
0 0.404167 0.241667 0.0541667 0.05
0 0.204167 0.275 0.0541667 0.0685185
0 0.861458 0.398148 0.1375 0.0925926
