0 0.355729 0.0851852 0.0385417 0.0444444
0 0.0526042 0.132407 0.0302083 0.0537037
0 0.380208 0.150926 0.0541667 0.0462963
0 0.190625 0.214815 0.05625 0.1
0 0.352604 0.269444 0.071875 0.0907407
0 0.569792 0.156481 0.0625 0.0611111
0 0.750521 0.347222 0.111458 0.087037
0 0.290625 0.307407 0.0708333 0.1
0 0.498437 0.580556 0.151042 0.231481
0 0.7 0.555556 0.175 0.22963
0 0.0598958 0.394444 0.078125 0.125926
0 0.184375 0.364815 0.0770833 0.114815
0 0.879167 0.92963 0.239583 0.133333
0 0.496875 0.855556 0.204167 0.281481
