0 0.239063 0.297222 0.046875 0.0685185
0 0.210417 0.252778 0.05625 0.0907407
0 0.111979 0.831481 0.171875 0.322222
0 0.613542 0.250926 0.1 0.0907407
0 0.508333 0.310185 0.08125 0.109259
0 0.725 0.291667 0.114583 0.109259
0 0.292708 0.332407 0.08125 0.109259
0 0.170312 0.32037 0.053125 0.0777778
0 0.824479 0.550926 0.178125 0.224074
0 0.764583 0.438889 0.15625 0.137037
0 0.9125 0.362963 0.145833 0.118519
0 0.620833 0.372222 0.13125 0.111111
0 0.958854 0.692593 0.0822917 0.151852
0 0.945833 0.531482 0.108333 0.177778
0 0.351042 0.382407 0.075 0.105556
0 0.639063 0.47963 0.169792 0.144444
0 0.427083 0.444444 0.114583 0.12963
0 0.582812 0.562037 0.161458 0.175926
0 0.817187 0.727778 0.276042 0.344444
