0 0.901563 0.225926 0.0322917 0.0407407
0 0.933854 0.176852 0.0114583 0.0240741
0 0.963021 0.219444 0.0177083 0.0277778
0 0.946875 0.219444 0.0208333 0.0314815
0 0.670313 0.250926 0.0385417 0.0388889
0 0.855729 0.181481 0.0385417 0.0333333
0 0.992708 0.225 0.0145833 0.0240741
0 0.952083 0.24537 0.03125 0.0388889
0 0.639583 0.262963 0.0375 0.037037
0 0.974479 0.274074 0.0302083 0.0444444
0 0.89375 0.217593 0.0229167 0.0314815
0 0.907812 0.246296 0.028125 0.037037
0 0.606771 0.275 0.0427083 0.0425926
0 0.568229 0.290741 0.0447917 0.0444444
0 0.169271 0.397222 0.0614583 0.0648148
0 0.407292 0.344444 0.0729167 0.0703704
0 0.526042 0.303704 0.0479167 0.0444444
0 0.873438 0.312963 0.046875 0.0518519
0 0.259375 0.414815 0.0916667 0.0777778
0 0.0942708 0.518519 0.140625 0.111111
