0 0.385938 0.0916667 0.0322917 0.05
0 0.353125 0.125 0.0395833 0.0537037
0 0.93125 0.0666667 0.0375 0.0444444
0 0.410937 0.0638889 0.0239583 0.0425926
0 0.233854 0.175926 0.0510417 0.0703704
0 0.367188 0.112037 0.0427083 0.05
0 0.0645833 0.462963 0.0625 0.12963
0 0.293229 0.176852 0.059375 0.0611111
0 0.331771 0.160185 0.0489583 0.0648148
0 0.716146 0.0212963 0.021875 0.0425926
0 0.235938 0.249074 0.0510417 0.0833333
0 0.653125 0.0324074 0.0208333 0.0314815
0 0.73125 0.0574074 0.0291667 0.0407407
0 0.214062 0.284259 0.0677083 0.0944444
0 0.0734375 0.430556 0.090625 0.109259
0 0.694271 0.0666667 0.0364583 0.0481481
0 0.763021 0.10463 0.0447917 0.0537037
0 0.0338542 0.518519 0.065625 0.174074
0 0.955208 0.406481 0.0895833 0.183333
0 0.122396 0.382407 0.0927083 0.124074
0 0.833333 0.172222 0.0666667 0.0888889
0 0.172917 0.32963 0.08125 0.111111
