0 0.946875 0.17963 0.0104167 0.0185185
0 0.671354 0.259259 0.0322917 0.037037
0 0.860937 0.189815 0.0427083 0.0314815
0 0.905208 0.22037 0.0229167 0.0259259
0 0.610417 0.283333 0.0395833 0.0407407
0 0.642187 0.272222 0.0322917 0.0407407
0 0.414062 0.353704 0.0697917 0.0666667
0 0.575521 0.3 0.0510417 0.0444444
0 0.835417 0.246296 0.0291667 0.0444444
0 0.174479 0.406481 0.059375 0.0611111
0 0.530729 0.312037 0.0510417 0.0462963
0 0.352083 0.386111 0.0791667 0.0759259
0 0.266667 0.423148 0.0979167 0.0759259
