0 0.110417 0.196296 0.08125 0.062963
0 0.159896 0.17963 0.0864583 0.0592593
0 0.595312 0.351852 0.144792 0.133333
0 0.796354 0.0601852 0.0635417 0.0685185
0 0.266667 0.138889 0.0583333 0.0407407
0 0.414583 0.0842593 0.05 0.0425926
0 0.211979 0.162963 0.0572917 0.0444444
0 0.0338542 0.212963 0.0635417 0.0518519
0 0.0208333 0.237037 0.0416667 0.0444444
0 0.348958 0.111111 0.05625 0.0444444
0 0.576563 0.208333 0.0614583 0.0648148
0 0.397917 0.658333 0.195833 0.205556
0 0.0598958 0.490741 0.111458 0.0925926
0 0.0338542 0.634259 0.0677083 0.127778
0 0.960938 0.148148 0.078125 0.0777778
0 0.352083 0.331481 0.0833333 0.0703704
0 0.771875 0.32037 0.1125 0.125926
0 0.878646 0.35 0.109375 0.122222
