0 0.644271 0.0888889 0.028125 0.0555556
0 0.490104 0.126852 0.134375 0.164815
0 0.225 0.273148 0.075 0.087037
0 0.386458 0.131481 0.0375 0.0481481
0 0.2875 0.172222 0.0541667 0.0666667
0 0.580729 0.115741 0.0385417 0.0574074
0 0.258854 0.22963 0.0552083 0.0481481
0 0.0317708 0.457407 0.0614583 0.0814815
0 0.174479 0.319444 0.0364583 0.0981481
0 0.786458 0.123148 0.0458333 0.0611111
0 0.472396 0.302778 0.0822917 0.157407
0 0.657292 0.147222 0.0416667 0.0648148
0 0.604688 0.134259 0.0385417 0.0648148
0 0.361979 0.181481 0.0697917 0.0666667
0 0.0776042 0.406481 0.0802083 0.0907407
0 0.758333 0.182407 0.05625 0.0833333
0 0.133854 0.363889 0.0864583 0.101852
0 0.54375 0.167593 0.0604167 0.0759259
0 0.642708 0.334259 0.0708333 0.127778
0 0.851042 0.349074 0.0916667 0.124074
0 0.684896 0.765741 0.163542 0.424074
0 0.403646 0.575 0.119792 0.194444
