0 0.714063 0.264815 0.071875 0.0555556
0 0.233333 0.241667 0.0416667 0.0685185
0 0.0911458 0.25463 0.0135417 0.0351852
0 0.603125 0.241667 0.04375 0.0388889
0 0.204167 0.167593 0.0208333 0.0277778
0 0.0270833 0.372222 0.05 0.0851852
0 0.23125 0.215741 0.0395833 0.0425926
0 0.652604 0.252778 0.0552083 0.0462963
0 0.559896 0.230556 0.0489583 0.0388889
0 0.290104 0.198148 0.0302083 0.037037
0 0.919271 0.32963 0.0947917 0.0666667
0 0.0473958 0.289815 0.0364583 0.0648148
0 0.0348958 0.226852 0.0260417 0.0425926
0 0.839063 0.305556 0.0927083 0.0592593
0 0.420312 0.233333 0.0447917 0.0407407
0 0.434375 0.316667 0.0583333 0.0851852
0 0.526042 0.428704 0.114583 0.112963
