0 0.503646 0.132407 0.0197917 0.0277778
0 0.540104 0.126852 0.0197917 0.0277778
0 0.608854 0.122222 0.021875 0.0407407
0 0.785417 0.182407 0.0354167 0.0462963
0 0.733854 0.178704 0.028125 0.0462963
0 0.472917 0.199074 0.0229167 0.0462963
0 0.486458 0.166667 0.0229167 0.037037
0 0.529688 0.167593 0.028125 0.0351852
0 0.447917 0.22963 0.0416667 0.0888889
0 0.682813 0.19537 0.0322917 0.0462963
0 0.818229 0.262037 0.053125 0.0685185
0 0.349479 0.215741 0.034375 0.0537037
0 0.398438 0.218519 0.034375 0.0481481
0 0.513021 0.235185 0.034375 0.0555556
0 0.620833 0.199074 0.0291667 0.0462963
0 0.28125 0.297222 0.0520833 0.0759259
0 0.713542 0.25463 0.0458333 0.0685185
0 0.973958 0.377778 0.0520833 0.0925926
0 0.367188 0.27037 0.0427083 0.0592593
0 0.49375 0.298148 0.04375 0.0703704
0 0.640625 0.248148 0.0375 0.0555556
0 0.931771 0.476852 0.0802083 0.109259
0 0.689062 0.462963 0.0760417 0.111111
0 0.880729 0.37963 0.0697917 0.0851852
0 0.342187 0.47037 0.0802083 0.114815
