0 0.990104 0.293519 0.0197917 0.05
0 0.0578125 0.326852 0.0572917 0.0648148
0 0.344792 0.20463 0.0333333 0.0425926
0 0.0947917 0.296296 0.0666667 0.0555556
0 0.578646 0.0805556 0.0177083 0.0277778
0 0.964063 0.287963 0.071875 0.0944444
0 0.767708 0.148148 0.0375 0.0407407
0 0.838542 0.187037 0.0395833 0.0518519
0 0.282292 0.219444 0.0333333 0.0425926
0 0.986458 0.188889 0.0270833 0.0555556
0 0.295312 0.212037 0.0260417 0.0425926
0 0.266146 0.236111 0.0385417 0.0537037
0 0.240625 0.252778 0.0479167 0.0537037
0 0.950521 0.201852 0.0760417 0.062963
0 0.0651042 0.401852 0.034375 0.0740741
0 0.205208 0.269444 0.0541667 0.0574074
0 0.857813 0.199074 0.053125 0.0574074
0 0.158854 0.263889 0.0489583 0.0611111
0 0.126563 0.337963 0.0510417 0.0722222
0 0.590104 0.12963 0.0197917 0.0296296
0 0.460938 0.152778 0.0197917 0.0314815
0 0.508333 0.134259 0.0208333 0.0277778
0 0.328125 0.343519 0.0625 0.087037
0 0.939583 0.246296 0.0625 0.062963
0 0.0916667 0.369444 0.0708333 0.087037
0 0.629167 0.19537 0.03125 0.05
0 0.665625 0.244444 0.0416667 0.0666667
0 0.381771 0.861111 0.155208 0.27037
