0 0.681771 0.0916667 0.0260417 0.0314815
0 0.951042 0.0518519 0.01875 0.0296296
0 0.853646 0.0777778 0.0177083 0.0259259
0 0.921354 0.0472222 0.015625 0.0240741
0 0.880208 0.0768519 0.01875 0.0277778
0 0.858854 0.119444 0.0239583 0.0388889
0 0.944792 0.125926 0.0270833 0.0407407
0 0.794792 0.15463 0.03125 0.0425926
0 0.9625 0.825 0.0729167 0.275926
0 0.548437 0.225 0.0552083 0.0574074
0 0.545833 0.190741 0.05 0.0481481
0 0.963021 0.241667 0.046875 0.0759259
0 0.744271 0.248148 0.053125 0.0777778
0 0.477083 0.323148 0.0895833 0.109259
0 0.872396 0.380556 0.065625 0.105556
0 0.0677083 0.608333 0.133333 0.172222
