0 0.966146 0.10463 0.0177083 0.0388889
0 0.939062 0.132407 0.0239583 0.0314815
0 0.863021 0.119444 0.021875 0.0314815
0 0.665104 0.151852 0.034375 0.0481481
0 0.801042 0.199074 0.0375 0.0462963
0 0.584375 0.207407 0.04375 0.0481481
0 0.828646 0.155556 0.028125 0.0407407
0 0.864583 0.177778 0.0291667 0.0444444
0 0.41875 0.267593 0.0645833 0.0685185
0 0.889583 0.380556 0.0583333 0.0981481
0 0.506771 0.293519 0.0677083 0.0722222
0 0.0375 0.662963 0.075 0.133333
0 0.653125 0.625926 0.13125 0.192593
0 0.666146 0.387963 0.0677083 0.087037
