0 0.0630208 0.280556 0.046875 0.0685185
0 0.269792 0.17963 0.0375 0.0481481
0 0.626562 0.0675926 0.0197917 0.0314815
0 0.264062 0.199074 0.0364583 0.0611111
0 0.566146 0.0518519 0.0197917 0.0333333
0 0.939062 0.199074 0.0614583 0.0648148
0 0.852083 0.15 0.0604167 0.0592593
0 0.290625 0.169444 0.0291667 0.0462963
0 0.235417 0.206481 0.0395833 0.05
0 0.604688 0.0842593 0.021875 0.0351852
0 0.948438 0.153704 0.0739583 0.062963
0 0.0640625 0.357407 0.0364583 0.0740741
0 0.970833 0.221296 0.0583333 0.0722222
0 0.159375 0.218519 0.0541667 0.0592593
0 0.65625 0.149074 0.0333333 0.0537037
0 0.622917 0.109259 0.0229167 0.037037
0 0.0916667 0.324074 0.06875 0.0851852
0 0.580208 0.115741 0.0291667 0.0462963
0 0.203125 0.226852 0.0583333 0.0611111
0 0.126042 0.293519 0.0520833 0.0722222
0 0.676562 0.256481 0.0510417 0.0796296
0 0.756771 0.450926 0.0927083 0.135185
