0 0.613021 0.133333 0.021875 0.037037
0 0.0385417 0.927778 0.075 0.140741
0 0.0197917 0.05 0.0395833 0.0444444
0 0.486458 0.164815 0.0208333 0.0444444
0 0.653646 0.12963 0.021875 0.037037
0 0.414583 0.196296 0.0333333 0.0592593
0 0.683854 0.185185 0.028125 0.0444444
0 0.452604 0.155556 0.021875 0.037037
0 0.803125 0.205556 0.0395833 0.0518519
0 0.727083 0.175926 0.0291667 0.0444444
0 0.625521 0.186111 0.0302083 0.0462963
0 0.513542 0.251852 0.0395833 0.0592593
0 0.452083 0.236111 0.0333333 0.0537037
0 0.683854 0.40463 0.0739583 0.138889
0 0.659375 0.286111 0.0479167 0.0759259
0 0.722917 0.273148 0.0520833 0.0907407
0 0.859896 0.362963 0.0697917 0.0851852
0 0.39375 0.362963 0.05625 0.0851852
0 0.93125 0.7 0.1375 0.240741
0 0.299479 0.515741 0.0947917 0.15
0 0.769271 0.842593 0.138542 0.222222
0 0.156771 0.511111 0.103125 0.12963
0 0.446354 0.449074 0.071875 0.112963
