0 0.819792 0.05 0.1 0.1
0 0.0291667 0.29537 0.05 0.0425926
0 0.797917 0.0546296 0.0520833 0.0611111
0 0.570833 0.0675926 0.0479167 0.0574074
0 0.610937 0.0472222 0.046875 0.05
0 0.522396 0.0925926 0.0552083 0.062963
0 0.430729 0.15 0.0635417 0.0666667
0 0.538021 0.259259 0.115625 0.137037
0 0.471354 0.12037 0.0677083 0.062963
0 0.23125 0.251852 0.104167 0.0851852
0 0.124479 0.314815 0.115625 0.107407
0 0.0364583 0.373148 0.0708333 0.105556
0 0.615104 0.158333 0.0802083 0.0907407
0 0.715625 0.0851852 0.0645833 0.0703704
0 0.298438 0.39537 0.163542 0.157407
