0 0.965104 0.141667 0.0197917 0.0351852
0 0.840104 0.159259 0.0239583 0.0407407
0 0.923437 0.17963 0.0239583 0.037037
0 0.0104167 0.10463 0.0208333 0.0277778
0 0.873958 0.164815 0.0270833 0.0407407
0 0.0796875 0.1 0.0885417 0.0407407
0 0.655208 0.197222 0.0375 0.0388889
0 0.972917 0.187963 0.0270833 0.05
0 0.769271 0.239815 0.0447917 0.0648148
0 0.205208 0.62037 0.172917 0.185185
0 0.624479 0.172222 0.0302083 0.0407407
0 0.221875 0.512037 0.13125 0.127778
0 0.633333 0.262037 0.0520833 0.0574074
0 0.903125 0.285185 0.0416667 0.062963
0 0.833854 0.257407 0.0385417 0.0592593
0 0.978125 0.356481 0.04375 0.0796296
0 0.242708 0.919444 0.216667 0.157407
0 0.683333 0.537037 0.104167 0.140741
