0 0.0421875 0.0768519 0.0822917 0.0759259
0 0.0109375 0.111111 0.021875 0.0333333
0 0.679688 0.180556 0.034375 0.0648148
0 0.960417 0.117593 0.0166667 0.0277778
0 0.857813 0.146296 0.021875 0.0296296
0 0.870833 0.187037 0.0291667 0.0407407
0 0.822917 0.189815 0.0291667 0.0351852
0 0.0796875 0.10463 0.0885417 0.0425926
0 0.890104 0.296296 0.0385417 0.0814815
0 0.801042 0.247222 0.0395833 0.0537037
0 0.507292 0.271296 0.0604167 0.0648148
0 0.9625 0.29537 0.04375 0.0685185
0 0.571354 0.303704 0.0677083 0.0703704
0 0.364583 0.484259 0.122917 0.116667
0 0.692187 0.57037 0.103125 0.144444
0 0.6125 0.468519 0.09375 0.118519
0 0.0677083 0.64537 0.135417 0.168519
0 0.185417 0.418519 0.09375 0.0962963
