0 0.478646 0.0583333 0.0177083 0.0277778
0 0.493229 0.0953704 0.0260417 0.0388889
0 0.854688 0.135185 0.059375 0.0592593
0 0.525 0.075 0.0208333 0.0314815
0 0.285417 0.156481 0.03125 0.05
0 0.264062 0.17037 0.034375 0.0481481
0 0.951042 0.136111 0.0770833 0.0611111
0 0.238021 0.189815 0.0427083 0.0537037
0 0.940625 0.184259 0.0666667 0.0648148
0 0.0640625 0.338889 0.0322917 0.0777778
0 0.156771 0.2 0.0489583 0.062963
0 0.732813 0.193519 0.0427083 0.0722222
0 0.484375 0.144444 0.0354167 0.0592593
0 0.971354 0.206481 0.0572917 0.0648148
0 0.203646 0.208333 0.059375 0.0611111
0 0.602604 0.201852 0.0447917 0.0703704
0 0.331771 0.228704 0.0510417 0.0759259
0 0.126042 0.273148 0.0541667 0.0722222
0 0.521354 0.161111 0.034375 0.0592593
0 0.702083 0.269444 0.0604167 0.0981481
0 0.0911458 0.305556 0.0677083 0.0851852
0 0.505729 0.232407 0.046875 0.0759259
0 0.615104 0.262037 0.0572917 0.0981481
0 0.363021 0.385185 0.0760417 0.114815
0 0.893229 0.636111 0.173958 0.246296
0 0.477604 0.388889 0.078125 0.12963
0 0.791146 0.424074 0.096875 0.140741
