0 0.889063 0.0657407 0.028125 0.0388889
0 0.731771 0.0694444 0.0302083 0.0388889
0 0.636458 0.0824074 0.0333333 0.0425926
0 0.908854 0.116667 0.0322917 0.0481481
0 0.0171875 0.494444 0.034375 0.0851852
0 0.801562 0.193519 0.0447917 0.0648148
0 0.982813 0.175 0.034375 0.0648148
0 0.914062 0.171296 0.040625 0.0574074
0 0.514583 0.241667 0.0770833 0.0759259
0 0.320833 0.323148 0.104167 0.0944444
0 0.64375 0.353704 0.0770833 0.1
0 0.352083 0.42963 0.120833 0.133333
0 0.722917 0.415741 0.0875 0.131481
0 0.896354 0.62037 0.105208 0.196296
