0 0.46875 0.168519 0.06875 0.0555556
0 0.508854 0.0824074 0.0177083 0.0277778
0 0.426042 0.216667 0.0375 0.0592593
0 0.982813 0.275926 0.034375 0.0592593
0 0.820312 0.174074 0.0302083 0.0481481
0 0.00885417 0.265741 0.0177083 0.0314815
0 0.860417 0.203704 0.03125 0.0592593
0 0.796354 0.160185 0.0385417 0.0537037
0 0.468229 0.113889 0.021875 0.0425926
0 0.397917 0.200926 0.0354167 0.0574074
0 0.441667 0.159259 0.0291667 0.0518519
0 0.422917 0.128704 0.025 0.0425926
0 0.481771 0.234259 0.0427083 0.0648148
0 0.485417 0.174074 0.0354167 0.0555556
0 0.359375 0.25 0.0354167 0.0666667
0 0.0453125 0.248148 0.0427083 0.0666667
0 0.884375 0.22037 0.0520833 0.0814815
0 0.169271 0.305556 0.0614583 0.0814815
0 0.957812 0.239815 0.0802083 0.0648148
0 0.419271 0.269444 0.0489583 0.0722222
0 0.704687 0.453704 0.0885417 0.125926
0 0.45625 0.356481 0.0666667 0.101852
0 0.344792 0.418519 0.08125 0.118519
0 0.379687 0.757407 0.132292 0.248148
