0 0.261458 0.167593 0.0458333 0.05
0 0.245312 0.176852 0.0572917 0.05
0 0.394271 0.281481 0.101042 0.103704
0 0.531771 0.0490741 0.0197917 0.0425926
0 0.9875 0.119444 0.025 0.0537037
0 0.492708 0.0953704 0.025 0.0388889
0 0.0885417 0.292593 0.0770833 0.0703704
0 0.627083 0.109259 0.0291667 0.0592593
0 0.126042 0.266667 0.0520833 0.0703704
0 0.990104 0.228704 0.0197917 0.0462963
0 0.951563 0.134259 0.0739583 0.0648148
0 0.529688 0.109259 0.028125 0.0444444
0 0.479688 0.138889 0.0322917 0.0481481
0 0.853646 0.128704 0.0614583 0.0611111
0 0.158854 0.193519 0.0552083 0.0648148
0 0.940625 0.178704 0.0625 0.0648148
0 0.20625 0.200926 0.0604167 0.0611111
0 0.648958 0.133333 0.0375 0.0703704
0 0.453125 0.188889 0.04375 0.062963
0 0.989583 0.858333 0.0208333 0.157407
0 0.506771 0.264815 0.053125 0.0851852
0 0.971354 0.199074 0.0572917 0.0722222
0 0.689062 0.203704 0.046875 0.0740741
0 0.410417 0.3 0.0625 0.1
0 0.0630208 0.885185 0.126042 0.222222
0 0.706771 0.428704 0.0927083 0.15
0 0.282292 0.403704 0.0958333 0.125926
0 0.367188 0.252778 0.0552083 0.0796296
0 0.331771 0.514815 0.107292 0.174074
