0 0.840104 0.158333 0.096875 0.0611111
0 0.231771 0.169444 0.0322917 0.0388889
0 0.257812 0.192593 0.0427083 0.0444444
0 0.898438 0.262963 0.115625 0.0851852
0 0.0703125 0.200926 0.028125 0.0388889
0 0.10625 0.234259 0.0375 0.0537037
0 0.591667 0.199074 0.05 0.0537037
0 0.974479 0.159259 0.0489583 0.0851852
0 0.747396 0.22963 0.0864583 0.0703704
0 0.322396 0.241667 0.0635417 0.0648148
0 0.352083 0.301852 0.08125 0.0740741
0 0.151562 0.363889 0.0677083 0.105556
0 0.315625 0.397222 0.104167 0.127778
0 0.863542 0.492593 0.235417 0.166667
0 0.295312 0.52963 0.121875 0.17037
