0 0.528125 0.194444 0.0395833 0.0518519
0 0.304167 0.152778 0.0395833 0.0351852
0 0.065625 0.141667 0.0208333 0.0277778
0 0.847396 0.258333 0.136458 0.101852
0 0.175521 0.190741 0.034375 0.037037
0 0.806771 0.181481 0.0614583 0.0592593
0 0.84375 0.17963 0.0875 0.0592593
0 0.498958 0.117593 0.05625 0.0425926
0 0.104167 0.160185 0.0229167 0.0314815
0 0.407292 0.171296 0.0520833 0.0425926
0 0.654688 0.923148 0.248958 0.146296
0 0.584896 0.212037 0.046875 0.0537037
0 0.96875 0.187963 0.0583333 0.0796296
0 0.215625 0.233333 0.0479167 0.0555556
0 0.739583 0.25 0.0854167 0.0740741
0 0.405729 0.297222 0.0864583 0.0796296
0 0.265104 0.547222 0.130208 0.205556
