0 0.331771 0.168519 0.0385417 0.0592593
0 0.238021 0.181481 0.040625 0.062963
0 0.353125 0.141667 0.0395833 0.0611111
0 0.240104 0.260185 0.0510417 0.0796296
0 0.696354 0.0342593 0.028125 0.0425926
0 0.671354 0.0175926 0.0239583 0.0314815
0 0.219792 0.294444 0.0729167 0.0962963
0 0.713542 0.0648148 0.025 0.0407407
0 0.834896 0.125 0.046875 0.0611111
0 0.733854 0.0777778 0.034375 0.0592593
0 0.0755208 0.455556 0.090625 0.133333
0 0.821875 0.162037 0.0520833 0.0722222
0 0.0364583 0.526852 0.0729167 0.17963
0 0.758333 0.165741 0.0520833 0.0722222
0 0.127083 0.393519 0.0895833 0.127778
0 0.177083 0.339815 0.08125 0.109259
0 0.960938 0.300926 0.078125 0.105556
0 0.723958 0.880556 0.18125 0.235185
