0 0.30625 0.196296 0.0729167 0.062963
0 0.241667 0.192593 0.05 0.0703704
0 0.351562 0.160185 0.040625 0.0574074
0 0.783854 0.12963 0.0427083 0.0555556
0 0.725521 0.125926 0.0447917 0.0703704
0 0.240625 0.272222 0.0520833 0.0851852
0 0.21875 0.297222 0.06875 0.0833333
0 0.177083 0.35 0.0770833 0.111111
0 0.636979 0.133333 0.0385417 0.0555556
0 0.853646 0.183333 0.053125 0.0851852
0 0.126563 0.402778 0.090625 0.124074
0 0.349479 0.27963 0.0635417 0.0925926
0 0.078125 0.465741 0.0895833 0.135185
0 0.519792 0.187037 0.05 0.0703704
0 0.939583 0.302778 0.0833333 0.0981481
0 0.0364583 0.532407 0.0729167 0.168519
0 0.683854 0.261111 0.065625 0.1
0 0.779688 0.500926 0.107292 0.172222
0 0.610417 0.507407 0.1 0.177778
