0 0.601562 0.0666667 0.015625 0.0333333
0 0.545313 0.0925926 0.021875 0.0481481
0 0.623438 0.130556 0.0239583 0.0462963
0 0.452083 0.106481 0.025 0.0351852
0 0.402604 0.143519 0.0260417 0.0351852
0 0.490104 0.143519 0.028125 0.0574074
0 0.622917 0.183333 0.0333333 0.0444444
0 0.446354 0.148148 0.0260417 0.0333333
0 0.749479 0.19537 0.0364583 0.05
0 0.923958 0.301852 0.0604167 0.0666667
0 0.815104 0.281481 0.0572917 0.0666667
0 0.0817708 0.905556 0.163542 0.181481
0 0.401563 0.332407 0.059375 0.087037
0 0.503646 0.24537 0.0427083 0.0722222
0 0.720833 0.255556 0.05 0.062963
0 0.669271 0.313889 0.0489583 0.0759259
0 0.86875 0.563889 0.10625 0.172222
0 0.7 0.425926 0.075 0.122222
0 0.322917 0.877778 0.154167 0.240741
