0 0.178125 0.117593 0.0354167 0.0425926
0 0.0588542 0.107407 0.028125 0.0407407
0 0.681771 0.719444 0.251042 0.416667
0 0.41875 0.108333 0.0416667 0.0462963
0 0.246354 0.175 0.0489583 0.0611111
0 0.110417 0.186111 0.0416667 0.0648148
0 0.0276042 0.143519 0.0302083 0.0462963
0 0.0385417 0.210185 0.0416667 0.0648148
0 0.571354 0.157407 0.0677083 0.0703704
0 0.196354 0.201852 0.0510417 0.0703704
0 0.301562 0.324074 0.0739583 0.1
0 0.386458 0.286111 0.075 0.0907407
0 0.9375 0.814815 0.122917 0.240741
0 0.845833 0.267593 0.129167 0.109259
