0 0.54375 0.126852 0.0229167 0.0314815
0 0.741146 0.187037 0.0364583 0.0481481
0 0.461979 0.12963 0.021875 0.0333333
0 0.494792 0.146296 0.025 0.0407407
0 0.634375 0.174074 0.0291667 0.0407407
0 0.283333 0.280556 0.0479167 0.0685185
0 0.889583 0.282407 0.05625 0.0685185
0 0.801042 0.261111 0.05 0.0666667
0 0.652604 0.22963 0.0385417 0.0592593
0 0.347917 0.210185 0.0375 0.05
0 0.511979 0.252778 0.040625 0.0648148
0 0.727604 0.257407 0.0447917 0.062963
0 0.463021 0.205556 0.0364583 0.0518519
0 0.950521 0.756481 0.0989583 0.246296
0 0.650521 0.287963 0.0427083 0.0648148
0 0.394792 0.232407 0.0416667 0.0537037
0 0.218229 0.457407 0.0947917 0.137037
0 0.784896 0.367593 0.0635417 0.0907407
0 0.426562 0.294444 0.0489583 0.0703704
0 0.677604 0.383333 0.0614583 0.0888889
0 0.738542 0.571296 0.0916667 0.138889
0 0.0375 0.55463 0.075 0.131481
