0 0.240104 0.187037 0.046875 0.062963
0 0.94375 0.0796296 0.0354167 0.037037
0 0.967188 0.0814815 0.0385417 0.037037
0 0.34375 0.156481 0.0541667 0.0574074
0 0.640104 0.0138889 0.0177083 0.0277778
0 0.898438 0.0564815 0.021875 0.0425926
0 0.933854 0.0759259 0.0239583 0.037037
0 0.6625 0.0111111 0.0229167 0.0222222
0 0.240625 0.265741 0.0520833 0.0833333
0 0.219792 0.300926 0.0708333 0.0944444
0 0.3875 0.198148 0.114583 0.1
0 0.127083 0.401852 0.0895833 0.122222
0 0.078125 0.465741 0.0895833 0.135185
0 0.0369792 0.537037 0.0739583 0.177778
0 0.811979 0.225926 0.065625 0.0851852
0 0.179167 0.347222 0.0791667 0.112963
0 0.577604 0.230556 0.078125 0.0796296
