0 0.309896 0.141667 0.0427083 0.0611111
0 0.651042 0.0314815 0.03125 0.0481481
0 0.983854 0.0333333 0.0322917 0.0407407
0 0.945312 0.0361111 0.0447917 0.0462963
0 0.707292 0.0166667 0.0270833 0.0333333
0 0.231771 0.227778 0.0635417 0.0666667
0 0.743229 0.0861111 0.0427083 0.0574074
0 0.294792 0.163889 0.0479167 0.0648148
0 0.988542 0.0962963 0.0229167 0.0444444
0 0.196354 0.282407 0.065625 0.0981481
0 0.266146 0.2 0.0552083 0.0777778
0 0.543229 0.136111 0.040625 0.0648148
0 0.96875 0.0787037 0.0541667 0.0537037
0 0.0364583 0.515741 0.0729167 0.187037
0 0.605208 0.238889 0.0583333 0.1
0 0.642708 0.163889 0.0479167 0.0833333
0 0.146354 0.334259 0.0989583 0.124074
0 0.661979 0.565741 0.126042 0.238889
