0 0.402604 0.0861111 0.040625 0.05
0 0.556771 0.025 0.0197917 0.0351852
0 0.364583 0.132407 0.04375 0.0648148
0 0.354167 0.14537 0.0479167 0.0574074
0 0.720833 0.0509259 0.03125 0.0537037
0 0.247396 0.17963 0.046875 0.0703704
0 0.970833 0.0814815 0.0458333 0.0481481
0 0.678646 0.0333333 0.0239583 0.0444444
0 0.341667 0.156481 0.04375 0.0537037
0 0.308854 0.181481 0.0635417 0.0592593
0 0.759375 0.0916667 0.0354167 0.05
0 0.590104 0.0453704 0.0260417 0.0425926
0 0.247917 0.253704 0.05 0.0851852
0 0.626042 0.0398148 0.0229167 0.0351852
0 0.544271 0.0518519 0.0239583 0.0407407
0 0.225 0.288889 0.06875 0.0962963
0 0.084375 0.443519 0.0916667 0.131481
0 0.798437 0.116667 0.0510417 0.0777778
0 0.866667 0.113889 0.0625 0.0648148
0 0.184375 0.337037 0.0770833 0.114815
0 0.134375 0.382407 0.0895833 0.116667
0 0.040625 0.52037 0.08125 0.174074
0 0.1375 0.523148 0.127083 0.172222
0 0.69375 0.268519 0.0645833 0.103704
0 0.615625 0.17963 0.0458333 0.0740741
