0 0.238021 0.175926 0.046875 0.0518519
0 0.984375 0.116667 0.03125 0.0555556
0 0.938021 0.177778 0.0614583 0.0703704
0 0.522396 0.118519 0.0260417 0.0481481
0 0.4375 0.12963 0.03125 0.0481481
0 0.261458 0.161111 0.0375 0.0481481
0 0.5 0.087037 0.0291667 0.0444444
0 0.154167 0.189815 0.0520833 0.0611111
0 0.947917 0.12963 0.0770833 0.0666667
0 0.85625 0.126852 0.0520833 0.0574074
0 0.989062 0.223148 0.021875 0.0462963
0 0.513021 0.187037 0.0447917 0.0925926
0 0.202604 0.197222 0.059375 0.0574074
0 0.608333 0.249074 0.05625 0.112963
0 0.415625 0.17037 0.0354167 0.0555556
0 0.121354 0.262037 0.0572917 0.0722222
0 0.440625 0.214815 0.0479167 0.0740741
0 0.969792 0.197222 0.0604167 0.0722222
0 0.0854167 0.293519 0.0791667 0.0833333
0 0.763542 0.160185 0.05625 0.0574074
0 0.503646 0.258333 0.0510417 0.087037
0 0.702604 0.257407 0.0614583 0.0777778
0 0.748438 0.362963 0.0927083 0.137037
0 0.357812 0.374074 0.078125 0.12963
0 0.144271 0.908333 0.213542 0.175926
0 0.475 0.632407 0.116667 0.22037
0 0.342708 0.524074 0.10625 0.166667
0 0.708854 0.606481 0.121875 0.198148
0 0.941146 0.857407 0.115625 0.266667
