0 0.609375 0.115741 0.0229167 0.0462963
0 0.541667 0.1 0.0208333 0.037037
0 0.443229 0.147222 0.0239583 0.0314815
0 0.518229 0.184259 0.0302083 0.0462963
0 0.489062 0.15 0.0260417 0.0481481
0 0.457292 0.209259 0.0333333 0.0518519
0 0.748958 0.409259 0.075 0.140741
0 0.345833 0.264815 0.04375 0.062963
0 0.504687 0.242593 0.0447917 0.0740741
0 0.197917 0.357407 0.06875 0.107407
0 0.644271 0.244444 0.0447917 0.0851852
0 0.797396 0.268519 0.053125 0.0666667
0 0.295312 0.34537 0.065625 0.0944444
0 0.730208 0.281481 0.05 0.0777778
0 0.129167 0.557407 0.1 0.162963
0 0.389583 0.374074 0.0604167 0.0925926
0 0.0765625 0.885185 0.153125 0.218519
0 0.477604 0.361111 0.0572917 0.0925926
0 0.923437 0.737037 0.144792 0.188889
0 0.370313 0.730556 0.121875 0.212963
0 0.235417 0.616667 0.104167 0.162963
