0 0.804167 0.228704 0.0604167 0.0574074
0 0.760938 0.112963 0.0322917 0.0444444
0 0.554688 0.0555556 0.0197917 0.0185185
0 0.930208 0.158333 0.0416667 0.0425926
0 0.581771 0.0675926 0.0135417 0.0277778
0 0.230208 0.237963 0.0479167 0.0685185
0 0.246875 0.221296 0.0583333 0.05
0 0.834375 0.152778 0.0458333 0.0351852
0 0.279687 0.194444 0.028125 0.0444444
0 0.990104 0.264815 0.0197917 0.0555556
0 0.290625 0.187963 0.0270833 0.0462963
0 0.979688 0.243519 0.040625 0.0833333
0 0.769792 0.122222 0.0354167 0.0444444
0 0.127083 0.312037 0.0625 0.0759259
0 0.261458 0.210185 0.0333333 0.05
0 0.985417 0.159259 0.0291667 0.0518519
0 0.948438 0.176852 0.0760417 0.0648148
0 0.155729 0.237963 0.0510417 0.0611111
0 0.595312 0.1 0.0177083 0.0296296
0 0.857292 0.174074 0.0520833 0.0555556
0 0.201042 0.246296 0.0520833 0.0592593
0 0.488021 0.187037 0.0322917 0.0518519
0 0.626042 0.108333 0.0208333 0.0314815
0 0.0869792 0.34537 0.0739583 0.087037
0 0.938021 0.22037 0.0635417 0.062963
0 0.330729 0.316667 0.053125 0.0851852
0 0.421875 0.2 0.0333333 0.0518519
0 0.244271 0.272222 0.0572917 0.0703704
