0 0.894792 0.0685185 0.0229167 0.0481481
0 0.991146 0.108333 0.0177083 0.0574074
0 0.347396 0.161111 0.0385417 0.0555556
0 0.945312 0.087963 0.028125 0.0388889
0 0.927083 0.0777778 0.0270833 0.0407407
0 0.957292 0.0916667 0.04375 0.0462963
0 0.239063 0.271296 0.0489583 0.0833333
0 0.655729 0.0462963 0.0260417 0.0407407
0 0.215104 0.307407 0.065625 0.0962963
0 0.335938 0.227778 0.0885417 0.0666667
0 0.697396 0.0462963 0.0239583 0.037037
0 0.123958 0.405556 0.0916667 0.122222
0 0.0744792 0.469444 0.090625 0.135185
0 0.516146 0.169444 0.046875 0.087037
0 0.176042 0.353704 0.0791667 0.111111
0 0.0354167 0.540741 0.0708333 0.177778
