0 0.516667 0.0935185 0.01875 0.0314815
0 0.617708 0.105556 0.01875 0.0333333
0 0.461979 0.0944444 0.021875 0.037037
0 0.546354 0.0851852 0.021875 0.0407407
0 0.603646 0.0712963 0.0197917 0.0351852
0 0.497396 0.128704 0.0260417 0.05
0 0.453646 0.136111 0.0239583 0.0351852
0 0.416667 0.127778 0.0229167 0.0296296
0 0.772396 0.228704 0.0447917 0.0537037
0 0.63125 0.211111 0.0354167 0.0555556
0 0.628125 0.147222 0.0270833 0.0388889
0 0.514583 0.206481 0.0375 0.0611111
0 0.433333 0.262963 0.05 0.0703704
0 0.977604 0.374074 0.0447917 0.0814815
0 0.861979 0.349074 0.0697917 0.0833333
0 0.743229 0.311111 0.0572917 0.0777778
0 0.739583 0.581481 0.104167 0.166667
0 0.420312 0.563889 0.0864583 0.161111
0 0.685938 0.396296 0.0635417 0.0925926
0 0.956771 0.84537 0.0864583 0.264815
0 0.261979 0.581481 0.105208 0.155556
