0 0.303646 0.269444 0.119792 0.105556
0 0.0427083 0.0814815 0.025 0.0333333
0 0.464063 0.116667 0.0510417 0.0555556
0 0.0713542 0.127778 0.0322917 0.0481481
0 0.224479 0.153704 0.0427083 0.0518519
0 0.0515625 0.187963 0.0385417 0.0574074
0 0.659896 0.281481 0.0760417 0.0666667
0 0.335417 0.244444 0.0645833 0.0814815
0 0.600521 0.184259 0.0802083 0.0796296
0 0.1625 0.276852 0.0583333 0.087037
0 0.278125 0.291667 0.0729167 0.105556
0 0.774479 0.2 0.078125 0.0703704
0 0.0614583 0.296296 0.05625 0.0888889
0 0.491667 0.54537 0.133333 0.172222
0 0.621875 0.474074 0.139583 0.162963
