0 0.746875 0.012037 0.025 0.0240741
0 0.957292 0.0444444 0.0416667 0.0444444
0 0.982292 0.0462963 0.0354167 0.0333333
0 0.346354 0.134259 0.040625 0.0611111
0 0.256771 0.144444 0.0510417 0.0555556
0 0.25625 0.226852 0.0520833 0.0833333
0 0.73125 0.0333333 0.0291667 0.0407407
0 0.551042 0.116667 0.0416667 0.0592593
0 0.915104 0.923148 0.169792 0.146296
0 0.465625 0.187037 0.05625 0.0851852
0 0.508333 0.206481 0.0604167 0.0611111
0 0.233854 0.262037 0.071875 0.0944444
0 0.0161458 0.730556 0.0322917 0.157407
0 0.542708 0.180556 0.0583333 0.0759259
0 0.0432292 0.490741 0.0864583 0.174074
0 0.822396 0.111111 0.046875 0.0666667
0 0.0942708 0.414815 0.090625 0.114815
0 0.193229 0.307407 0.0822917 0.111111
0 0.142188 0.360185 0.090625 0.124074
0 0.6875 0.394444 0.0916667 0.155556
