0 0.990625 0.0657407 0.01875 0.0425926
0 0.0552083 0.403704 0.10625 0.118519
0 0.777604 0.037963 0.0302083 0.0425926
0 0.225521 0.242593 0.090625 0.0888889
0 0.647396 0.112963 0.0385417 0.0555556
0 0.266146 0.213889 0.0510417 0.0685185
0 0.175521 0.29537 0.040625 0.101852
0 0.594792 0.0740741 0.0479167 0.0777778
0 0.335417 0.149074 0.0604167 0.0611111
0 0.907292 0.22963 0.0875 0.137037
0 0.586458 0.130556 0.04375 0.0685185
0 0.0317708 0.441667 0.0635417 0.109259
0 0.136979 0.337963 0.0822917 0.105556
0 0.0802083 0.381481 0.08125 0.0925926
0 0.552083 0.187037 0.0520833 0.0962963
0 0.839063 0.159259 0.0614583 0.0777778
0 0.980208 0.823148 0.0395833 0.201852
0 0.471875 0.203704 0.0541667 0.0814815
0 0.421875 0.177778 0.0729167 0.0740741
0 0.64375 0.171296 0.05 0.0833333
0 0.514063 0.461111 0.0989583 0.174074
0 0.803125 0.240741 0.0729167 0.103704
0 0.630208 0.297222 0.0729167 0.124074
0 0.952083 0.424074 0.0958333 0.162963
