0 0.981771 0.217593 0.0364583 0.0462963
0 0.393229 0.282407 0.186458 0.231481
0 0.217708 0.232407 0.05625 0.0944444
0 0.105208 0.82037 0.208333 0.348148
0 0.622917 0.234259 0.102083 0.0944444
0 0.513542 0.291667 0.0833333 0.101852
0 0.295312 0.311111 0.0802083 0.111111
0 0.772396 0.286111 0.121875 0.12037
0 0.9625 0.674074 0.075 0.151852
0 0.948958 0.512037 0.102083 0.175926
0 0.770312 0.421296 0.157292 0.138889
0 0.829167 0.536111 0.179167 0.216667
0 0.625 0.350926 0.125 0.112963
0 0.356771 0.363889 0.0760417 0.101852
0 0.644792 0.463889 0.16875 0.15
0 0.588021 0.543519 0.159375 0.175926
0 0.432292 0.426852 0.114583 0.131481
0 0.821875 0.710185 0.279167 0.335185
