0 0.221875 0.217593 0.0520833 0.0944444
0 0.144271 0.858333 0.159375 0.27963
0 0.518229 0.269444 0.0822917 0.112963
0 0.744271 0.247222 0.123958 0.112963
0 0.301562 0.296296 0.078125 0.107407
0 0.916667 0.314815 0.152083 0.133333
0 0.952083 0.494444 0.0958333 0.174074
0 0.807813 0.408333 0.163542 0.12037
0 0.3625 0.35 0.0770833 0.107407
0 0.630208 0.340741 0.127083 0.118519
0 0.835938 0.521296 0.180208 0.216667
0 0.965625 0.658333 0.06875 0.157407
0 0.651042 0.44537 0.166667 0.146296
0 0.436979 0.412037 0.113542 0.131481
0 0.829167 0.69537 0.279167 0.342593
0 0.594271 0.527778 0.159375 0.174074
