0 0.798437 0.130556 0.0385417 0.0462963
0 0.358854 0.159259 0.034375 0.0555556
0 0.334375 0.17963 0.0395833 0.062963
0 0.621354 0.0675926 0.0260417 0.0388889
0 0.245312 0.262963 0.0489583 0.0666667
0 0.740625 0.125926 0.0375 0.0592593
0 0.630208 0.12037 0.0354167 0.0481481
0 0.222396 0.305556 0.065625 0.0962963
0 0.554167 0.12963 0.03125 0.0518519
0 0.965625 0.337963 0.06875 0.131481
0 0.822917 0.164815 0.0520833 0.062963
0 0.600521 0.242593 0.053125 0.0851852
0 0.0817708 0.465741 0.090625 0.131481
0 0.656771 0.188889 0.046875 0.0740741
0 0.0380208 0.534259 0.0760417 0.172222
0 0.769271 0.181481 0.0552083 0.0925926
0 0.182812 0.351852 0.078125 0.111111
0 0.131771 0.400926 0.090625 0.12037
0 0.445312 0.228704 0.084375 0.0796296
