0 0.00989583 0.259259 0.0177083 0.0962963
0 0.561458 0.0518519 0.0291667 0.0444444
0 0.591146 0.0305556 0.0260417 0.0425926
0 0.0208333 0.259259 0.0354167 0.1
0 0.573958 0.112963 0.0375 0.0592593
0 0.891667 0.124074 0.0520833 0.0777778
0 0.466146 0.05 0.0260417 0.037037
0 0.630208 0.0888889 0.0354167 0.0555556
0 0.0583333 0.157407 0.0604167 0.0666667
0 0.408854 0.130556 0.040625 0.0648148
0 0.490104 0.105556 0.034375 0.0592593
0 0.28125 0.190741 0.08125 0.1
0 0.138542 0.162037 0.05625 0.0611111
0 0.982292 0.2 0.0354167 0.103704
0 0.385417 0.15463 0.0583333 0.0685185
0 0.960938 0.143519 0.0760417 0.0648148
0 0.0838542 0.227778 0.0989583 0.0740741
0 0.756771 0.903704 0.196875 0.185185
0 0.605208 0.184259 0.0541667 0.0796296
0 0.626562 0.400926 0.0927083 0.164815
0 0.773958 0.269444 0.0791667 0.101852
0 0.778125 0.42963 0.104167 0.148148
