0 0.674479 0.0527778 0.0197917 0.0277778
0 0.464063 0.0694444 0.021875 0.0314815
0 0.504167 0.0685185 0.0229167 0.037037
0 0.542708 0.0564815 0.0208333 0.0314815
0 0.644792 0.0555556 0.01875 0.0296296
0 0.614583 0.0759259 0.025 0.0407407
0 0.399479 0.168519 0.0364583 0.0518519
0 0.760417 0.150926 0.0354167 0.0537037
0 0.510417 0.169444 0.0375 0.0574074
0 0.91875 0.249074 0.05625 0.0944444
0 0.636979 0.151852 0.034375 0.0592593
0 0.45625 0.160185 0.0354167 0.05
0 0.655729 0.236111 0.046875 0.0648148
0 0.731771 0.228704 0.0489583 0.0759259
0 0.38125 0.330556 0.06875 0.0944444
0 0.425 0.406481 0.06875 0.112963
0 0.807813 0.405556 0.0802083 0.114815
0 0.141667 0.793519 0.166667 0.257407
0 0.689062 0.413889 0.071875 0.109259
0 0.954687 0.465741 0.090625 0.12037
