0 0.8125 0.12963 0.0854167 0.062963
0 0.784375 0.128704 0.05625 0.0648148
0 0.009375 0.190741 0.01875 0.0518519
0 0.9375 0.137963 0.05 0.0759259
0 0.0536458 0.174074 0.0364583 0.0481481
0 0.558333 0.163889 0.0541667 0.05
0 0.153125 0.340741 0.08125 0.137037
0 0.51875 0.151852 0.0666667 0.0592593
0 0.228646 0.214815 0.059375 0.0703704
0 0.713021 0.198148 0.0822917 0.0666667
0 0.0682292 0.291667 0.0635417 0.0833333
0 0.870833 0.599074 0.258333 0.246296
0 0.798437 0.433333 0.209375 0.125926
0 0.178646 0.612963 0.132292 0.218519
0 0.608333 0.732407 0.252083 0.338889
