0 0.00416667 0.161111 0.00833333 0.0481481
0 0.372917 0.0805556 0.04375 0.05
0 0.0109375 0.0759259 0.021875 0.0481481
0 0.108854 0.0648148 0.0322917 0.0481481
0 0.16875 0.116667 0.0416667 0.0518519
0 0.354688 0.10463 0.046875 0.05
0 0.631771 0.146296 0.071875 0.0555556
0 0.109896 0.128704 0.0385417 0.0537037
0 0.0505208 0.138889 0.0385417 0.0592593
0 0.5625 0.156481 0.0645833 0.0648148
0 0.466667 0.151852 0.0625 0.0703704
0 0.65 0.192593 0.0791667 0.0740741
0 0.972917 0.32037 0.0541667 0.0962963
0 0.776042 0.348148 0.127083 0.0888889
0 0.890625 0.338889 0.14375 0.114815
0 0.493229 0.392593 0.115625 0.133333
0 0.169271 0.533333 0.113542 0.174074
0 0.401042 0.578704 0.1375 0.201852
