0 0.636979 0.12037 0.0322917 0.0518519
0 0.4375 0.186111 0.0458333 0.0648148
0 0.684896 0.124074 0.0302083 0.0444444
0 0.953646 0.142593 0.0760417 0.0592593
0 0.861458 0.141667 0.05 0.0537037
0 0.991146 0.236111 0.0177083 0.0425926
0 0.453646 0.110185 0.0260417 0.0388889
0 0.941667 0.187963 0.0604167 0.0648148
0 0.477604 0.137037 0.0302083 0.0481481
0 0.440625 0.222222 0.0479167 0.0888889
0 0.159896 0.201852 0.0489583 0.0592593
0 0.0651042 0.340741 0.0322917 0.0777778
0 0.723958 0.180556 0.0458333 0.0648148
0 0.664583 0.194444 0.0458333 0.0703704
0 0.128125 0.274074 0.0520833 0.0703704
0 0.339063 0.272222 0.0510417 0.0814815
0 0.971354 0.208333 0.0572917 0.0648148
0 0.221354 0.267593 0.0489583 0.0722222
0 0.0932292 0.307407 0.0677083 0.0851852
0 0.491667 0.256481 0.0520833 0.0833333
0 0.735937 0.317593 0.0677083 0.0944444
0 0.509375 0.355556 0.0729167 0.114815
0 0.435417 0.569444 0.10625 0.187037
0 0.817708 0.527778 0.127083 0.166667
