0 0.425 0.389815 0.158333 0.0944444
0 0.609375 0.110185 0.0229167 0.05
0 0.516667 0.191667 0.0291667 0.05
0 0.541667 0.102778 0.0208333 0.0351852
0 0.485417 0.15463 0.025 0.05
0 0.440625 0.151852 0.025 0.0333333
0 0.338021 0.276852 0.046875 0.0648148
0 0.454688 0.215741 0.034375 0.0537037
0 0.74375 0.381481 0.06875 0.137037
0 0.641146 0.234259 0.0427083 0.0796296
0 0.502604 0.251852 0.046875 0.0777778
0 0.180208 0.376852 0.0729167 0.116667
0 0.0453125 0.941667 0.090625 0.105556
0 0.281771 0.363889 0.0677083 0.101852
0 0.789583 0.255556 0.05 0.062963
0 0.0927083 0.601852 0.116667 0.185185
0 0.378646 0.398148 0.0635417 0.0962963
0 0.722917 0.267593 0.0458333 0.0685185
0 0.471875 0.381481 0.0604167 0.0962963
0 0.204688 0.675 0.117708 0.17963
0 0.896354 0.675 0.130208 0.168519
0 0.347396 0.814815 0.136458 0.251852
