0 0.944792 0.0351852 0.0333333 0.0481481
0 0.257292 0.139815 0.05 0.0574074
0 0.517187 0.186111 0.0447917 0.0685185
0 0.708854 0.735185 0.155208 0.151852
0 0.461979 0.0435185 0.0260417 0.0388889
0 0.582812 0.0101852 0.021875 0.0203704
0 0.255729 0.219444 0.0510417 0.0907407
0 0.460417 0.180556 0.0479167 0.0833333
0 0.915625 0.0231481 0.0229167 0.0388889
0 0.479688 0.197222 0.059375 0.0759259
0 0.980729 0.0388889 0.0364583 0.0333333
0 0.0171875 0.70463 0.034375 0.12037
0 0.710417 0.0138889 0.0270833 0.0277778
0 0.509375 0.207407 0.0583333 0.0592593
0 0.534896 0.131481 0.0489583 0.062963
0 0.232812 0.258333 0.0697917 0.0944444
0 0.04375 0.485185 0.0875 0.162963
0 0.0901042 0.416667 0.084375 0.133333
0 0.777604 0.0574074 0.0364583 0.0518519
0 0.193229 0.301852 0.0822917 0.107407
0 0.140625 0.353704 0.0916667 0.114815
0 0.715104 0.82963 0.165625 0.32963
