0 0.671354 0.252778 0.0427083 0.0388889
0 0.985937 0.239815 0.0260417 0.0462963
0 0.640104 0.268519 0.0364583 0.0407407
0 0.960938 0.227778 0.021875 0.0296296
0 0.607813 0.278704 0.040625 0.0425926
0 0.569271 0.293519 0.0447917 0.0462963
0 0.923958 0.239815 0.025 0.0314815
0 0.526563 0.308333 0.046875 0.0425926
0 0.410417 0.346296 0.0791667 0.0777778
0 0.719271 0.431481 0.0614583 0.0851852
0 0.169792 0.401852 0.0604167 0.062963
0 0.196354 0.605556 0.167708 0.214815
0 0.257812 0.431481 0.096875 0.107407
0 0.655208 0.637037 0.13125 0.162963
