0 0.857292 0.181481 0.0416667 0.037037
0 0.967708 0.215741 0.01875 0.0277778
0 0.971354 0.206481 0.0239583 0.0314815
0 0.670833 0.25 0.04375 0.0407407
0 0.639583 0.261111 0.0375 0.037037
0 0.917708 0.198148 0.0166667 0.0222222
0 0.904688 0.248148 0.0260417 0.037037
0 0.607292 0.275 0.0416667 0.0425926
0 0.569271 0.292593 0.046875 0.0481481
0 0.407813 0.343519 0.0739583 0.0759259
0 0.907812 0.294444 0.0385417 0.0555556
0 0.940104 0.247222 0.0260417 0.0351852
0 0.844271 0.306481 0.0447917 0.0537037
0 0.526563 0.303704 0.0489583 0.0444444
0 0.16875 0.39537 0.0583333 0.0611111
0 0.971875 0.260185 0.03125 0.0425926
0 0.940625 0.353704 0.05 0.0740741
0 0.219792 0.500926 0.135417 0.109259
0 0.260938 0.410185 0.0927083 0.0722222
0 0.661979 0.502778 0.101042 0.105556
