0 0.246354 0.159259 0.0177083 0.0222222
0 0.199479 0.206481 0.040625 0.0388889
0 0.29375 0.169444 0.0208333 0.0277778
0 0.26875 0.272222 0.0479167 0.0518519
0 0.605208 0.241667 0.0479167 0.0388889
0 0.654167 0.25 0.0541667 0.0481481
0 0.211979 0.202778 0.0239583 0.0388889
0 0.0270833 0.371296 0.0520833 0.087037
0 0.194792 0.216667 0.03125 0.0333333
0 0.713021 0.262037 0.0697917 0.0574074
0 0.0489583 0.288889 0.0333333 0.062963
0 0.291667 0.237963 0.0375 0.0537037
0 0.920313 0.328704 0.096875 0.0685185
0 0.560417 0.228704 0.0479167 0.0388889
0 0.839063 0.306481 0.090625 0.0574074
0 0.0364583 0.225926 0.025 0.0407407
0 0.574479 0.300926 0.078125 0.0685185
0 0.927083 0.437037 0.139583 0.103704
0 0.688542 0.52963 0.120833 0.148148
