0 0.289062 0.134259 0.040625 0.0277778
0 0.327604 0.121296 0.0385417 0.0351852
0 0.0786458 0.203704 0.0614583 0.0518519
0 0.698958 0.0925926 0.0416667 0.0518519
0 0.20625 0.158333 0.0520833 0.0462963
0 0.714583 0.1 0.0625 0.0555556
0 0.595312 0.35463 0.136458 0.131481
0 0.0583333 0.225926 0.0833333 0.0703704
0 0.6375 0.113889 0.05 0.05
0 0.133333 0.543519 0.1125 0.109259
0 0.621875 0.184259 0.06875 0.0685185
0 0.325 0.40463 0.0875 0.087037
0 0.983333 0.176852 0.0333333 0.087037
0 0.0734375 0.509259 0.123958 0.12963
0 0.389062 0.278704 0.0802083 0.0722222
0 0.90625 0.191667 0.0854167 0.087037
0 0.441146 0.634259 0.188542 0.17963
0 0.817187 0.467593 0.140625 0.153704
