0 0.740104 0.0398148 0.021875 0.0351852
0 0.410417 0.247222 0.133333 0.0796296
0 0.891146 0.0388889 0.0197917 0.0296296
0 0.833854 0.075 0.0260417 0.0351852
0 0.927083 0.0203704 0.01875 0.0333333
0 0.86875 0.0231481 0.01875 0.0277778
0 0.615104 0.128704 0.040625 0.0462963
0 0.293229 0.315741 0.121875 0.157407
0 0.848437 0.125926 0.0302083 0.0518519
0 0.923958 0.116667 0.0333333 0.0481481
0 0.530729 0.271296 0.0677083 0.0796296
0 0.576042 0.171296 0.0479167 0.0611111
0 0.383854 0.230556 0.071875 0.0685185
0 0.727604 0.222222 0.053125 0.0666667
0 0.046875 0.607407 0.09375 0.12963
0 0.815625 0.22037 0.05 0.0740741
0 0.445833 0.276852 0.0770833 0.0833333
0 0.289583 0.461111 0.135417 0.155556
0 0.119271 0.403704 0.126042 0.125926
0 0.813542 0.514815 0.0958333 0.155556
