0 0.903646 0.0175926 0.015625 0.0240741
0 0.927083 0.0333333 0.0166667 0.0296296
0 0.698958 0.087037 0.03125 0.0407407
0 0.644271 0.133333 0.0385417 0.0444444
0 0.844271 0.0518519 0.021875 0.037037
0 0.584375 0.131481 0.05 0.0740741
0 0.886458 0.0416667 0.01875 0.0314815
0 0.916667 0.0638889 0.0229167 0.0351852
0 0.603646 0.198148 0.0572917 0.0740741
0 0.477083 0.180556 0.0541667 0.0648148
0 0.769271 0.171296 0.040625 0.0537037
0 0.86875 0.0833333 0.0270833 0.037037
0 0.490104 0.244444 0.071875 0.0703704
0 0.753125 0.317593 0.0625 0.0981481
0 0.889583 0.34537 0.06875 0.105556
0 0.308854 0.428704 0.130208 0.17963
0 0.340104 0.3 0.0864583 0.103704
0 0.372396 0.747222 0.194792 0.242593
0 0.516667 0.860185 0.225 0.272222
