0 0.725 0.125 0.0270833 0.0314815
0 0.925 0.115741 0.025 0.0388889
0 0.890104 0.101852 0.0197917 0.0296296
0 0.666146 0.169444 0.0364583 0.0462963
0 0.760417 0.227778 0.05 0.0740741
0 0.611979 0.25 0.0572917 0.0666667
0 0.202604 0.421296 0.119792 0.15
0 0.860417 0.177778 0.0333333 0.0518519
0 0.356771 0.340741 0.0822917 0.0888889
0 0.0796875 0.723148 0.159375 0.172222
0 0.385938 0.371296 0.090625 0.0981481
0 0.980208 0.44537 0.0395833 0.112963
0 0.816146 0.261111 0.053125 0.0703704
0 0.471875 0.649074 0.158333 0.205556
0 0.704167 0.507407 0.1 0.137037
