0 0.546354 0.0805556 0.071875 0.0462963
0 0.725521 0.127778 0.0364583 0.0481481
0 0.855729 0.131481 0.053125 0.0592593
0 0.805729 0.130556 0.0552083 0.0611111
0 0.577083 0.166667 0.05 0.0555556
0 0.495833 0.0740741 0.0625 0.0407407
0 0.111458 0.139815 0.0291667 0.0351852
0 0.534896 0.151852 0.065625 0.0592593
0 0.200521 0.150926 0.040625 0.0425926
0 0.966667 0.138889 0.0645833 0.0740741
0 0.0161458 0.166667 0.0302083 0.0407407
0 0.733854 0.200926 0.0864583 0.0722222
0 0.126563 0.236111 0.0510417 0.0648148
0 0.663542 0.891667 0.285417 0.209259
0 0.341146 0.226852 0.0697917 0.0722222
0 0.124479 0.336111 0.0739583 0.101852
