0 0.773958 0.125 0.0208333 0.0277778
0 0.00989583 0.105556 0.0197917 0.0259259
0 0.967708 0.087963 0.0229167 0.0462963
0 0.689062 0.172222 0.0364583 0.037037
0 0.0786458 0.101852 0.0864583 0.0407407
0 0.964063 0.146296 0.0239583 0.037037
0 0.528125 0.214815 0.04375 0.0481481
0 0.922917 0.144444 0.025 0.037037
0 0.853646 0.200926 0.0322917 0.0611111
0 0.7875 0.216667 0.0333333 0.0518519
0 0.514063 0.258333 0.0552083 0.0537037
0 0.910417 0.216667 0.0333333 0.0518519
0 0.791667 0.327778 0.0604167 0.0851852
0 0.595833 0.242593 0.05 0.0555556
0 0.418229 0.425 0.111458 0.135185
0 0.472396 0.686111 0.157292 0.194444
0 0.757292 0.875 0.160417 0.246296
0 0.2 0.52963 0.129167 0.133333
