0 0.676562 0.0416667 0.021875 0.0388889
0 0.528646 0.012037 0.0239583 0.0240741
0 0.557292 0.0268519 0.0166667 0.0277778
0 0.890625 0.0759259 0.0375 0.0481481
0 0.303125 0.189815 0.05 0.0685185
0 0.560938 0.0722222 0.0239583 0.0333333
0 0.561458 0.113889 0.0291667 0.0537037
0 0.594792 0.0518519 0.0229167 0.037037
0 0.45625 0.137963 0.0791667 0.0685185
0 0.271875 0.224074 0.0604167 0.0740741
0 0.988021 0.0703704 0.0239583 0.0444444
0 0.785937 0.112037 0.0427083 0.0537037
0 0.201562 0.311111 0.065625 0.103704
0 0.236979 0.265741 0.065625 0.087037
0 0.652604 0.165741 0.0510417 0.087037
0 0.95 0.0722222 0.0395833 0.0444444
0 0.579167 0.144444 0.0375 0.0592593
0 0.974479 0.116667 0.0510417 0.0555556
0 0.0401042 0.533333 0.0802083 0.192593
0 0.591667 0.210185 0.05 0.0796296
0 0.153646 0.362963 0.0947917 0.125926
0 0.692708 0.275926 0.0666667 0.111111
