0 0.873438 0.248148 0.0239583 0.0333333
0 0.670833 0.264815 0.0375 0.0407407
0 0.859375 0.193519 0.0333333 0.0277778
0 0.941146 0.202778 0.015625 0.0203704
0 0.643229 0.277778 0.0322917 0.0407407
0 0.414062 0.358333 0.071875 0.0685185
0 0.611979 0.287963 0.040625 0.0388889
0 0.577604 0.303704 0.053125 0.0481481
0 0.895312 0.217593 0.0197917 0.0314815
0 0.175521 0.412963 0.059375 0.0592593
0 0.532292 0.319444 0.05 0.0462963
0 0.355729 0.392593 0.078125 0.0814815
0 0.267188 0.42963 0.096875 0.0777778
