0 0.0927083 0.0555556 0.025 0.0333333
0 0.185937 0.0666667 0.0260417 0.0296296
0 0.275 0.0990741 0.0333333 0.0351852
0 0.871354 0.165741 0.0427083 0.0425926
0 0.963542 0.290741 0.0708333 0.0481481
0 0.813542 0.155556 0.0479167 0.0444444
0 0.221875 0.087037 0.03125 0.0407407
0 0.120312 0.134259 0.034375 0.0537037
0 0.0463542 0.0611111 0.0364583 0.062963
0 0.0854167 0.158333 0.0666667 0.127778
0 0.253646 0.136111 0.0385417 0.0462963
0 0.79375 0.225926 0.075 0.0740741
0 0.410417 0.199074 0.0708333 0.0759259
0 0.408333 0.409259 0.129167 0.185185
0 0.716146 0.439815 0.146875 0.142593
