0 0.132812 0.109259 0.0260417 0.0296296
0 0.872917 0.123148 0.0583333 0.0574074
0 0.892708 0.223148 0.104167 0.0685185
0 0.313542 0.10463 0.0354167 0.0314815
0 0.417708 0.122222 0.0520833 0.0407407
0 0.823958 0.124074 0.0541667 0.062963
0 0.516146 0.0666667 0.0697917 0.0407407
0 0.761458 0.19537 0.0729167 0.0759259
0 0.0192708 0.135185 0.0239583 0.037037
0 0.0421875 0.124074 0.0239583 0.0296296
0 0.554688 0.14537 0.065625 0.0611111
0 0.596875 0.156481 0.05 0.05
0 0.193229 0.143519 0.034375 0.0425926
0 0.0401042 0.174074 0.0302083 0.0444444
0 0.978646 0.126852 0.0427083 0.0796296
0 0.0895833 0.236111 0.0479167 0.0685185
0 0.135937 0.337963 0.084375 0.112963
