0 0.256771 0.147222 0.0489583 0.0574074
0 0.211458 0.283333 0.108333 0.1
0 0.600521 0.0240741 0.028125 0.0444444
0 0.253125 0.22963 0.05625 0.0814815
0 0.660937 0.0925926 0.0427083 0.0703704
0 0.533333 0.112963 0.0375 0.0592593
0 0.808333 0.0925926 0.05 0.0777778
0 0.603646 0.12963 0.046875 0.0925926
0 0.540625 0.257407 0.0541667 0.1
0 0.190104 0.309259 0.078125 0.107407
0 0.979167 0.307407 0.0416667 0.114815
0 0.866146 0.158333 0.0635417 0.0796296
0 0.0927083 0.423148 0.0895833 0.124074
0 0.234375 0.266667 0.0708333 0.0925926
0 0.639583 0.246296 0.0604167 0.1
0 0.742188 0.269444 0.0739583 0.109259
0 0.649479 0.387037 0.0802083 0.177778
0 0.140625 0.362963 0.0895833 0.122222
0 0.04375 0.497222 0.0875 0.172222
0 0.0161458 0.730556 0.0322917 0.161111
0 0.679688 0.714815 0.148958 0.277778
