0 0.854167 0.173148 0.0479167 0.0351852
0 0.973437 0.173148 0.0177083 0.0314815
0 0.665104 0.240741 0.0364583 0.0333333
0 0.635938 0.25463 0.0364583 0.0425926
0 0.602604 0.265741 0.040625 0.0425926
0 0.566146 0.282407 0.0489583 0.0462963
0 0.944792 0.231481 0.03125 0.0407407
0 0.825521 0.217593 0.0239583 0.0314815
0 0.404687 0.339815 0.071875 0.0685185
0 0.969271 0.262037 0.0322917 0.0462963
0 0.522917 0.299074 0.05 0.0462963
0 0.164062 0.389815 0.0614583 0.0648148
0 0.836458 0.39537 0.0604167 0.0796296
0 0.0697917 0.574074 0.1375 0.133333
0 0.256771 0.408333 0.0947917 0.0796296
0 0.574479 0.724074 0.161458 0.196296
