0 0.315104 0.22037 0.0614583 0.0592593
0 0.955729 0.14537 0.0489583 0.0537037
0 0.576563 0.118519 0.028125 0.0407407
0 0.342708 0.196296 0.0395833 0.0555556
0 0.991667 0.152778 0.0166667 0.0388889
0 0.332812 0.209259 0.053125 0.062963
0 0.59375 0.0796296 0.0229167 0.0333333
0 0.235417 0.227778 0.05 0.0666667
0 0.292188 0.232407 0.059375 0.0611111
0 0.0338542 0.564815 0.0677083 0.17037
0 0.169792 0.378704 0.0791667 0.101852
0 0.577083 0.183333 0.0375 0.0777778
0 0.232812 0.30463 0.0510417 0.0833333
0 0.211458 0.337963 0.0708333 0.0907407
0 0.834896 0.172222 0.0489583 0.0592593
0 0.0692708 0.493519 0.090625 0.131481
0 0.119271 0.433333 0.090625 0.122222
0 0.504687 0.313889 0.0614583 0.112963
0 0.695833 0.310185 0.0625 0.0981481
0 0.597396 0.323148 0.065625 0.116667
0 0.811979 0.681481 0.140625 0.233333
