0 0.353125 0.166667 0.0375 0.0555556
0 0.683333 0.0435185 0.0270833 0.0351852
0 0.748958 0.0962963 0.0333333 0.062963
0 0.596354 0.0268519 0.0260417 0.0277778
0 0.334375 0.185185 0.0375 0.0592593
0 0.713021 0.0805556 0.0302083 0.0425926
0 0.567708 0.0509259 0.0208333 0.0277778
0 0.244792 0.199074 0.0520833 0.0685185
0 0.300521 0.20463 0.059375 0.0611111
0 0.242188 0.277778 0.0510417 0.0888889
0 0.582812 0.105556 0.028125 0.0444444
0 0.222917 0.312037 0.0729167 0.0944444
0 0.789583 0.137963 0.0416667 0.0537037
0 0.910417 0.240741 0.0729167 0.0962963
0 0.18125 0.350926 0.08125 0.0981481
0 0.129167 0.407407 0.0916667 0.122222
0 0.0802083 0.472222 0.0895833 0.133333
0 0.838542 0.178704 0.0541667 0.0685185
0 0.848958 0.281481 0.08125 0.0962963
0 0.592188 0.2 0.046875 0.0740741
0 0.0369792 0.540741 0.0739583 0.174074
0 0.389062 0.269444 0.119792 0.087037
0 0.621875 0.756481 0.120833 0.261111
