0 0.827604 0.286111 0.028125 0.0462963
0 0.8625 0.321296 0.0354167 0.0537037
0 0.567187 0.166667 0.0197917 0.037037
0 0.527604 0.199074 0.0197917 0.0240741
0 0.89375 0.337963 0.0479167 0.0537037
0 0.332292 0.275 0.0270833 0.0388889
0 0.0348958 0.44537 0.0677083 0.101852
0 0.00989583 0.884259 0.0197917 0.135185
0 0.651042 0.226852 0.0229167 0.0351852
0 0.508333 0.202778 0.0166667 0.0240741
0 0.968229 0.387037 0.0635417 0.0777778
0 0.926562 0.360185 0.0572917 0.0611111
0 0.235938 0.34537 0.053125 0.0648148
