0 0.459896 0.142593 0.0260417 0.0481481
0 0.500521 0.116667 0.0260417 0.037037
0 0.857292 0.172222 0.0354167 0.0333333
0 0.418229 0.132407 0.028125 0.0462963
0 0.819271 0.169444 0.0302083 0.0425926
0 0.384896 0.191667 0.040625 0.0796296
0 0.794271 0.151852 0.040625 0.0518519
0 0.341667 0.237037 0.0625 0.0740741
0 0.446875 0.173148 0.0333333 0.0574074
0 0.609375 0.184259 0.0354167 0.0611111
0 0.884896 0.210185 0.0489583 0.0722222
0 0.978646 0.281481 0.0427083 0.0925926
0 0.385417 0.326852 0.0604167 0.0981481
0 0.20625 0.30463 0.0979167 0.0833333
0 0.448958 0.37037 0.0708333 0.107407
0 0.958333 0.22963 0.08125 0.062963
0 0.280208 0.372222 0.0770833 0.118519
0 0.616146 0.42963 0.0739583 0.114815
0 0.220833 0.634259 0.133333 0.201852
0 0.359896 0.682407 0.123958 0.227778
