0 0.990625 0.108333 0.01875 0.05
0 0.925 0.0842593 0.0208333 0.0351852
0 0.359896 0.137963 0.0364583 0.05
0 0.319271 0.181481 0.0489583 0.0555556
0 0.650521 0.012963 0.0197917 0.0259259
0 0.346875 0.158333 0.0375 0.0537037
0 0.286458 0.230556 0.110417 0.0611111
0 0.234896 0.27037 0.0489583 0.0814815
0 0.210417 0.306481 0.06875 0.0944444
0 0.658333 0.0527778 0.0270833 0.0425926
0 0.702604 0.0555556 0.0260417 0.037037
0 0.0708333 0.468519 0.0916667 0.133333
0 0.0333333 0.537037 0.0666667 0.17037
0 0.517187 0.162963 0.040625 0.0851852
0 0.121875 0.405556 0.0895833 0.125926
0 0.172396 0.351852 0.0802083 0.107407
