0 0.946875 0.0787037 0.0166667 0.0314815
0 0.0776042 0.1 0.0885417 0.0407407
0 0.00989583 0.10463 0.0197917 0.0277778
0 0.867708 0.126852 0.0166667 0.0240741
0 0.703125 0.15 0.0291667 0.0407407
0 0.894792 0.134259 0.01875 0.0277778
0 0.438021 0.853704 0.286458 0.288889
0 0.746875 0.144444 0.025 0.0296296
0 0.672396 0.206481 0.0447917 0.0796296
0 0.964063 0.160185 0.0239583 0.0388889
0 0.609375 0.187037 0.0395833 0.0481481
0 0.934375 0.142593 0.0208333 0.0407407
0 0.075 0.732407 0.15 0.175926
0 0.845312 0.223148 0.0385417 0.05
0 0.500521 0.349074 0.0864583 0.105556
0 0.504167 0.260185 0.0583333 0.0574074
0 0.594792 0.712963 0.135417 0.203704
0 0.307292 0.838889 0.2 0.259259
0 0.281771 0.362037 0.0822917 0.0833333
0 0.375521 0.398148 0.0927083 0.0962963
