0 0.623438 0.119444 0.059375 0.05
0 0.81875 0.162037 0.0583333 0.0648148
0 0.0526042 0.186111 0.0239583 0.0314815
0 0.202604 0.190741 0.0364583 0.0407407
0 0.0942708 0.216667 0.0364583 0.0444444
0 0.510938 0.111111 0.0739583 0.0444444
0 0.313021 0.150926 0.0364583 0.0351852
0 0.975 0.165741 0.05 0.0833333
0 0.0604167 0.242593 0.0375 0.0518519
0 0.748438 0.234259 0.0885417 0.0722222
0 0.601562 0.365741 0.146875 0.112963
0 0.509375 0.393519 0.122917 0.101852
0 0.180729 0.357407 0.065625 0.0962963
0 0.367188 0.27037 0.071875 0.0703704
0 0.505729 0.568519 0.161458 0.214815
