0 0.236458 0.307407 0.0479167 0.0703704
0 0.172396 0.237037 0.0385417 0.0777778
0 0.543229 0.242593 0.084375 0.0888889
0 0.682813 0.294444 0.103125 0.103704
0 0.507292 0.327778 0.075 0.0962963
0 0.290625 0.341667 0.0791667 0.105556
0 0.61875 0.386111 0.127083 0.112963
0 0.760417 0.457407 0.158333 0.133333
0 0.348437 0.396296 0.078125 0.103704
0 0.820312 0.574074 0.176042 0.222222
0 0.958333 0.711111 0.0833333 0.155556
0 0.886458 0.371296 0.139583 0.112963
0 0.94375 0.549074 0.1125 0.17963
0 0.636458 0.49537 0.166667 0.142593
0 0.423438 0.462037 0.113542 0.131481
0 0.350521 0.536111 0.117708 0.157407
0 0.580208 0.577778 0.160417 0.177778
0 0.813542 0.746296 0.277083 0.344444
